$ANSIBLE_VAULT;1.1;AES256
36616164363938343632333839313566656136616233363066333033643539396130633735666162
3230666663336532313532376633613865386337393333340a663935356461363530633431323566
32303062333435613330616462376566373536323539373938343734386535373630343637313933
3337383865643830350a646636633034376339633535393733316139613230383439396538623965
62333862643265326436356563666430653430353930663533326665393534303338326261663537
37643836646535376136656263613162353563613233386337366431343338373762323833353036
63616132323531613130326564343931363231396430636564346263353634396366666231393830
33656432346564343066393038636136336363663933366364356163633830393131323830613838
31613762666639303532636361326162643638393036346632366335636534656333616535356464
32303064616361376166636135623036363261326565666437633266336433323364306232373938
30353261386633363332336138633631396530343833383264666466633939643535303534656335
64366333643665623965313861656538626339396561626439613930336135366161663838396130
64333466323130613235623563643866333830373230663933623138326236656331343434336335
65333030303535383464653130616137653939333439613231383833646234333232666161303365
36653562353163383832616266353732376638373531336231663763316336373338323465316631
65626338343331626561326530353639656431646465316566646264336238353765353031653865
39376462623630363332393737366164383964366331313161353965386230316537373836313937
64613239666133653738343333343263646235363933646536303730353662393165663338353537
61626663616332356366616463363331386430663631376130333931333063336166396566313434
38313861306466343637383934383833653230303534333961636166656563626661356564643630
38633437343564656330346639353733613136333832313637353265343061323661613164613433
31656434336662336130303036303534336230356133626636643537616561383563356365643034
62646665303863666135313563376431623064303165656135333236353036346139653461313961
64346364326136333966306666623935353538356539623937383861313032663665343564613461
32353565613439303763313031373632363935363065393464326530663635653633613935346632
61396236623766313662396136383430323934626238636433373537333432386663363836653830
65326663393963666539346632366565376231386466326535383632663762633039373338303238
61623039663634383730303434376238623733366163346339306365633134623139336534663536
31623735613339666262376261303433303465643931353964323065613962363766613535646533
39306364303066653032303335343939333761653537313734393564316335636435396335666632
39336531396665656637336565643065386234393031363033623738633632353537663730356564
61333361373532656635643563643335343233343264306663333964363861656631343538303362
61336639353330623462653237663365616563623337323939336134613633303862376464343630
35396632333066323831643335303466653730613861653762323766343637383933343266613164
37633031666633613931363263626261343262623265346335363261616631393263383430643238
32303234366239383935613539396664663237656138643731393934346337613538356330356232
35633865623137633962663833376634366465326336356563393038653465653063393961323961
62633936663765336436666434633931633361633164666663306137656164646365636330333264
34353464326539316163346364303135616363363732623832363536396365356263643537386336
33663135396134373639633430653439313439633630643461323964613761643833373637653835
34636132336535393738323263326335383861393564303062663263356263336130393738376636
35373930336538353135626364633433336532613439393933386262326563363936353164663836
39643565653931343338623238393731306436663830356663656637373663326165653833366463
35633736353866353431
