$ANSIBLE_VAULT;1.1;AES256
30643130346639613036356530333763613366633832373537363038623363356363643336663331
3934663334663136366165376139383839653735333966380a386333333635363131373761663339
63346237356636366665663164646531623965383532376362353662336336633831616331646362
6665313238616430340a633862323534303962613036386538666261346365306161656666306439
66363336333365323539623933313038636264306438396333653432336365366361316131393439
38616532656461633961663461386666323436356133393539336466333634303265626638663838
34316461393230366136363835343162646233343061326336373835316266613034306263336462
66663361336536353664366138373063666332346365313866366533313532633365353437366337
33356661313561626661396630373666383063633037313833396436353662383339613364396230
38323165656636303133353933326631623861323965343464663431346665623966656562303562
32663337666530313965656563663632363364633066643362633763633261343061393137376236
31373434323037353861323937383139346332303431333932643664333262376634326637633137
33636531333764323031306334393232613331636363656436373763366263613334636537393733
31366639326365333237643664396264393832376165396434616363353833653363653732373435
66653362373265383138656262643462333534306434666338306431376237343166363532346562
36383565383830376233663930353361316339383364646339303839353638316562663330333331
66303263386535383632313366343635616236323863373565383734653961653734616239663330
37373866613063373139303362363539346434356638613862656130613662383736396262366238
35343639363330303833333866333934353535366361666436613036363437396533636362626265
33616136616137363939373530393265313563633531626566323638636631303537323636373836
62376166333139376636663365346665323364333561663433376635663336343764663937396439
63373936336336313163656461316530316164656339383433616361313436353336643230616333
35343036613737353939376566363630356130353333366431646235353737386562373763303839
66633462623566323135376537623031383965353639383137366335393563643465353333393961
30383364653863306333333635313239666635636538393632653563316639313339316230346264
63636238383761663666326565306663333361396137653362386365663761663763373036646361
33323238666438313337346263643734656433303830613934386364373136636132616666353037
38323264313762383666663436666637313861656363363030376330376262303530636534363036
37373439303935646331326333393563353131663239383933383633623763383535336137653461
63623762383534386331363664386564373638336337313366626461316164396461616666643639
37346532613030383666613935646234343830323233343731363035646161383135383231353730
35633965373632386636326434316561623033346134383762306131346563366330613061323763
38626637613364336534353837313830386261656364353663393438626236356565636261336635
64623634346435613333376562383532383039376333636334636165663265653033333933616461
63363931316665363638366664323836376664616264313962313834316434306134366431616537
39393763333637313539346362313135333965333835393761366233326538333638326532623766
65336265643732653865303362303933633431343235316432613435663939646639366234313435
61643038663539343064643432623263613165383965376536303638653538306539663737626637
36333335353266633561393662373965353730623834343264383433353237613863336330656430
64303237323138356464313737386332373262616466313939353939653062613365623336356138
39333161376330626563653733326339346335616538353437373836363430373233613734356531
34616636386661356137363161616337623564326333633161313631626365363234656137336330
34353766393236386537666331643036613233643039353332313538613437663737663730346266
64636133363764363361643733313466376261316636313832316662323434643431623965653732
63363062373465643331333665363366323964306664613661336636373030363533356233636532
32383632386661356363663838323538613535613430633531613331396334383664376166393562
32653539643236373066623739623537393535313166376366353936316431383966303865353366
61303633303431343766643065383061313462633563356531313866393135376234633330633833
31373964316338383066356230306531363630643463376463316237326166393566333965626464
64626164313262373235613866663236623035383262663138623139343865616662313531643966
61316364353936663130663965663436333138613330313039303332623638383735386636396130
65333965653633373134383562336133653432303336666635646338386236613438663161386162
39363234366635363134623936393733646662386338313039666565343432613466363336393735
39323934623830663136383732353436333738623332353333366266623332623638663431303163
35333932303232653161613839363866616265623134333763386637613561303764316334666565
31313637656535326133613435663938376137303961323166623036393562303038373262633263
34323831393439663632613736396537643733306439613139643038616165303334303966646131
65333963623931643437323933346264366561383231386266346565646661646635326431393635
333330623834323265383538323561393835
