$ANSIBLE_VAULT;1.1;AES256
31643831396235346336636533323036353439626432396538666663356261653363653537303965
3064346265303635653266383865663563366666346139330a663435343161343961663931643462
36636162643935636338643236356132643631303236326665373766326633336534653235633435
3961316630666665320a626632626134346462323232666362663865326334326162393030636563
63333362383436616139386335653066643131376436383262363264646233313037363134653565
30343939343739373966613937303365636238336161663365376634623638666438313635313230
61646239386330663834363437383731366536616165323263353838353330353933666263313430
31646339386537363134613834326331363931633462666235333138633734343534666530636238
31626163363635623166353466626233356232333236663931666530623431343736666134646236
35663266383131396562666533623939393066656130643538316463343033666231646433346336
34653632353436353263666164333666616335633235316132363966343839383035343661373432
63316462376534616161353336393930346133323366623439356332656634303366643761643935
35356532633863613135313239336565626561306465646364643534316463393262333265643463
62313662303038616262626334653930633931343965343464366663366630646335633662326536
30363538333232356331316564346232633832336138613735333838633064343737653036613834
64646232356237386263653764346139653462363137646231646461376138323237353662643033
38323665333563633036313765303630313965353838393766343161656462653237653834623166
31383639363039643336343733326330663836373362326233663434343237323564346565623130
30656361363031346366636130353665623366353261373638376165613766616363346461616539
33343164656433643337653337663438333938393838656562663863393635353734333061653637
34643333633363326366613866323139323465393466653962333233326632333537386331353063
61633938333938366535323966326166613266333865633461333538346430666431346166343837
33326662633534306637326431666431346165646161346137373861616637376139613235343134
35386331643761636361363639376565626438313838353266346437353539376133343465313565
30626433613335383766373761353636376435663435366364393434373839303364636666663639
31313936366161666165373739376465376533363735646137643863623132633335383736326538
37653165353534343733646231303534663036313164326562613034343431653133643964303637
62383930323966313961653933616565383761303630616134323630663634663838383831663861
32336335396232326236313831336264663634396164663033393933326234313333343338373339
39666630383535376432316439613133323566393863346565306464336132326138383862353332
64383738326630323736376539653934303237626264613337373033336466393764336665323436
34666263353463656537333936363737396665363732326331653365633433666534383333636165
39613737316664396462613438616333623039636533306331383733363339646332653138666230
64653530376165616565306335316431343833356261613833663133353637313266393737373632
37393665396234633166656565343330623936323236306463613063646463336663373832333833
64386538373331613631313233363837336266653463653462376334313336646638663730346339
38346335633166376238666564303332616639313866326266666630636536343933326232663935
65643365356231376531356462366232653165393138633462656261656537646366303964633166
38646565363736373463366634363938353837333331636637656635613532633734393833626630
32376464626631633137336361646432643630613362666337366366303862663464346265303531
32653262333064343436316437616636346661393562306230313238643833666464656563373533
30653866666437663237326233643937323936353563323362393437663939366339316563646162
65396137306235313661663733343930336233613037306435656162616432316330623761333962
37663535393130366665376263373763633563623764386331366330353165623937666230313139
34363462313636363438353036666662393039363532353732316630666433643036316537306565
37383739663534323334316533373434636565663938666434363437396362356261373330366162
37663066393536373564666664366464373663643739663066353236666232643765653638633737
30366431396535383030333433623339643735383238623231326330363635663039613038666136
38396636383432306532306430633439303231313762613635356339613430636265306361666130
62663063313836343439356231373166333731336132313338363031663638333630653761303734
30363730303362626236376133343836326135646464396463623836316165623064303665326462
39623538306632303037346532383939633731616239333666306432653966663963336236303730
34346333623061306433633162356234313730386431653434623631636138373761393262303334
35313932383934353862616538393966643835336538323337306365326237323261323839346234
32623064323630356135396131376162616163623932633239393962353061353135376131326433
63663234363735313263346432613037336433376165633838353833373131396565383261366131
30656530306239613264653464323766653939346131386433376565613634666537363865376631
35383963373033343333646636316561383164326463623165316534393462643337313039343838
37613536643464663433613435666566643635383038333462623634306366383162373038633865
62373133333633363263666332373739366564666430613035623361386537336664393762353230
66333434393665626636626462336238353466623232376538363439346338393336313565363261
63383931343338326464376161386639663666653366653433323433653465643338326233656165
35303139616236333865333365313362623961643165633766616535323639666561616561626633
33363839356564373866313933653035623063626438656530653839306434393136626630323666
36616631623431313931653133323934346566386633396363653139356366393133613636633236
38633934363563626435386462303265386633363363313536636135366263326463663939316533
32363434393431336330376130373738326134373439353861636466366561336563306234646333
33666466613433373464656661303063313338356537363038323934643435653839393933616234
38386263303736616533346534623432356436333731386137356666663030313863383630316563
61653530396635383839303461383762386338633132373563303739663331373561633662613532
36313035363338316263333939623866396633313731653961356364663662636239313932376162
32343335303930653563336335643139623134396563623930373738343466306464376663333138
66323862376133346639616534303561653065343633393532373536316164613938663561633565
31383632656165303336393035626335316363613462613338396432366365343634656338333263
31373431646539313033386437393035373936396438623934353139343836323365386233626561
35396163396661643065613431343939643162663730366336323262353639313666363733643539
39353530326535646564393831323837626638626438383230303864383938353239643363343165
36363065656338303238363230353661663439653139636430363031316163306337393961636463
36663466333131353734303838613937303534343462653264646135323139366366643533376630
32336135326262666336373937333262373331656433366438343034356230373935353531306336
38653963643733663465366333313633313430663231386561396562653433396533316434656230
36323931326635323739333231306530376338653139316239346638653366653433336264646635
63666263346339346662363636326338636566363836373935326439643562613835393938316435
64363965383665363466303165336532306661343531656464373261336463623334633361623134
34663064643362356265343931383463313839336363633335653331666637326635346233346236
32383266376338343566393337303233326133386337653332623138343832343365646435346234
34383930636639613531376562303732376162363933323364623665383361373631343866396336
36633765326436613137636264343134333030396335343135376533376461333865383431613231
63323831333637623234383864363464383966613132323336623430383731383230383532303037
34386130303335643135613961656564363466326365343237653864306539613837353832363733
34363432363065356363313661383062653262336330633231393533663039663234363763343039
30303631646333653064346265336436653533376563303563653631346136333531303262646233
39303836346465636564626463636161653662343130643466303736376263393732326633616232
36643931633362303737336531636535363239653561333563656137333232646230333265386563
32656439303265666233626638633936663931343336363464343738333164333138376565393135
33643064643938353131303039626137373334343463376239633938353462623938613435396162
65306536326463366239636362656134396635313630386336306437613831386261613932343638
66643231316465633930653430356231386332653138356663323539303830393536336534623935
62356335386636326364653032346637663731623134326236316165393332643439336339336465
31353163366639636338633063653065366631646164306165613636353631656661323865616534
37343436656333646561653733383733626365353533656330353531323537336136613262393136
34323461643762313532653337373938626366313330646638353061356631633261383736346433
37343032343163643065363230333265366530663630336636386530393163373931303932663230
36343735393738396437643833303161633333393533303535663036393233643261396636623539
62626163646638666331333466646231306331326432323333363163386161343839383235373262
35373665666538323630353863666430633839343232366263346266323366336465636261643666
37633930363033346638363535653161656536626135663530393438643334653438323366373137
66353736343439653032643639616465656637356264616439373332373062623631653733366131
37353834653631643034346131663265326265353933386665306161343336373739336535306635
65326338623063363434323762613635396163373236623037333137633263313039663366636132
31333765623938323166346630653533313537346339353636343634653366363039646138393666
62343837333263303161346237373535643932303431323262623737393361373865343832316332
33656237333931666630666339313265366439613863333039303032356438383931396239323162
35613963656534643363303131333665373339366132306433366234396163303833333330366437
30346435393564323736636634363363366163306433383636393839366531633339343963623839
35323936633133376465343039633565323536353065616166653865313435663234326363396339
61643864326137303366633234333263356331303330386561396332613630343064
