$ANSIBLE_VAULT;1.1;AES256
61646465386365643165363462616166396132306238623530303733623439373965626530656431
6336313661666431333438616661323833303135323232610a313536386239393131303034343137
30643161363061663235333164313537316331643030326339363931366335373831303431343963
6361653961356563300a353636306335636265323363616432363336343332316636626130386564
36633431306663363230316130656265303935316563363064386331353830326261376334656336
63626663386262303732636662633636336533613135373466323732386139653966393835356135
61326461393764393938643762373739373738316138626435393362313236323431636332616239
38633034633437383564646466326336633835663637333233666264383839326236333136633730
36396564343334636265616337663733626436366265643564323039323036373639383365613263
38356236303432643931656463623637363536363766303738653363613331326263316132383634
37643666323865653936393464356334663066343139663865336435643836313135333334656337
66346232383530326534386535633664633332363862666466373235316334643263643135656435
32633461323262366331666265613431303961626233346162316461356230366262336262623063
36636636376333646538653062636466326266666232386665646132396363363065396434333834
38323832613536323733653637366334353761333638393839613864326239613436626139646462
34616231633535613739346133623536343536396661386462333863353661656530623638656263
31633765323930646138666362323366373731633566353837366264303437333730326431313830
35366366373630663163326533386363373463646235613231326635383531353064653032396666
63363139316232336432363539646264326335663038333630313136613265353739323664336538
30363366363139613832613034613561626362353536653964323062646636616565373835323830
65653337356539636437333534313437303631663439633365376230633839346335396264356538
30303466333432356538333736383332363730666137323339633834366464386130363135353630
35653337356561323365343938353738613338373063313138666362666530626237303666663534
65333861323432663337306336363132356166366336656361653463336561373966306339613537
31346562323133633466306133326466656164336464613262363131383431313430633037316161
32376366313631343539666539356235316466643834663631356636623330383334366137653531
65616263313366663432636437386138613835643064643365346136613665333133653738313163
31323637653262356163363537633136653431383164666661333236316564323962396461336664
61656132333864303461303838323062656462393530326633353838336463333066616633343566
62323031636262643539623931653330636631343965653436393364336130343930303931303335
61306261306131623736356237653533306264616664393730616337333832663238363863386431
64313035646134643461653530343765353861633465363764633339613835613430626338623563
38663264313565613430623661333163633366343566393438336436613432323331666262353464
38393062666661343633636532666166353232643636643238633134326635323736373564376236
37343938626434333165663165366262663834643230623437313266653464643666383937626237
35373236393938386561353732646234343733623435653565313665306339346536373831616563
62343433306566383935343539646630333463383862623061356232383436303035373761383761
38643964656665646266363135303535383765616636383934366566313866383165363065626430
37663839326530656162303833376465613464616266613433373234383363616664323366626564
38646335623066386266653966393438383035363630653839303234666331633833383038396333
36303038616232316137633237356132333861666565643036333461373334633262323666643261
30326662346636613435626261363232333235643936353837346337386262653039303863356330
63336336666361363637373761363830303565653631626262653037633535646565613133316537
36353131633963306562383833376562643063323862386665623236326631643038653263643738
62643862353833373831373932323934656139306633633539616163383237306233383535333037
66623036393431333036616634643835646330663066616664343462323033663135386463653161
64623966343437303932346532376131383162303563616331626435353630373663326566643238
37336366666263646633383635643164643663336131623165646137623330343561633232633465
35633735353937346131343534396634323334313231656465656638303730616165323532343564
64313433646232396566313534336133336332336139383930353761663133623366363364623532
35363439363836353234316466323365393964393931303938366634346133613633656530646536
63313761383335303136666463366138356133626333353863363866303365353464313031623936
33636631356430336431376235653931333763313665333936316263386330323262623935373639
30396163633064323866316335393966313865323263653263643838313335663436333337383634
64303962623935306561373231346164643237333762653438336366643862613739343232323236
63396362356530363136386336366166363863636634346434393137643932396330653531303965
36653235663030326362316236316339393062646266623065636262663333643530343961353266
32386461346161653336363035353638663430663431383339613861633035316336643637376365
32373737336363636530363238343063626130356165353932373366636464353465646133643934
36313136636463396665653839386663646539646536316637363337306661316162656464636438
64386264633763393634326132363330613037383135663930393130666365366132313939663930
3738656635303665336162316664366333343931303831623633
