$ANSIBLE_VAULT;1.1;AES256
32313961313336353136666133393338383561623338353330376466366136353635353932356235
3934616264333364363831653362313062303864333936640a656364323832666465393531666337
35626664656261366538353934663234313961343436303839663831373130623134653966306439
3434376663633663650a323830303433653638323062303665326631643763616433326161626266
61636132646261303833343365393364373766356131376335363363346330663839396231343562
30333233353863356466386639366561373865373738316430366235386131613564646330383538
31646138663032623932343138663434626664336337303136393666393534636537313538383935
63393861303839646137373637353963336635326430656561643334333739616137396630626564
30376430653936363738653930366238656439613938623233653563333335343336616634643133
61633336383330313534633337376334373465363131623263363836343233336233396534633236
65666537373935393330653830323036333637306530336435663564363439663535393733663864
36626131366562393733633935666232356236326537363035653633623562316165613530623439
36306636393230613237643037353466636263363337653831383531313663336631393234646634
38646437386538623164623832353833613732646137666630353362613530626238346436623162
64376237303731316532383934366138363362623438343331333230373532353236396230303461
65663938363764383562633630626664353566376436336532353966656464623333626233373737
39613765326363393465346534323262363366623664396265323863653233313466636234643532
37343136376463343261623765336534633635353662613638346438666334363366383730396464
30373732633465633564623134386165616331646434383166613161633433366536653463363832
31643835613438643331386566643762366439373662373063333733343939306338356432383063
36376638333164326462383535343261373538376430393761656566653263623964373338653938
36666633343635336639316363323462623661313938393766653366666239336465646636326165
37643431656362333530373333383835336332373165393763363036653263393939623436626438
35616133363238383330663436343031663139356666616237666161633363633262633666336333
38306332323834326638393366623338393131333432336531326338353236643462346165643361
31343964653966373730323236386538353538616633306231653537353139353732363338313261
35363266323463646665633265663661613632613539393361363264373136623863363936623939
32646162656635333166633830373166323238633536376230623433393535383935353261313862
35613266343366323663613964663862313734316166373933356431623666356230393661663464
64646461613235373230373537346639326565656566643739376162363832633962626132616332
37663836383336363434636334613533616264336466306263323433646434383638333732316362
39633162633236313764313034383765653435656538633865383364393563633132663730643562
31396333343137366664646130663066666133353439313036653332373339363030633839623963
31383430636664666261626634326536343038633932666163316534396335333038306463666466
36626531643939353930396330653830633137303766626262353862316331313065373434386238
61323262323530616432326230346338313931633634313465613666373135633736353165383737
66646666663736653539363763616332316537336333346336626537643630646164393439656463
64663036313530613833636331326137303731656234653538376662626361326464396363383331
37366461643530646562626231653061323234636565383630333636623666333032633064366162
39326266323034396263363536306636393064396237303536376138303730356562663232303535
38663739316266306331366161383463396333663533336466646439333732613262396261626163
62666566303662616166306237306532313234346565616535646536626662313934303839636136
63353932336431346632353034326635323266303636393233623435366638386635373163373065
63346334393838333562643831616264653036643535653439303839663463353066303238643733
39633033373064633663646130343934323362303161356234613139333361393532323166396138
37613566383137313462373133656531616330633166363234626465303330643932386635666564
37643339323736323130316333633832333334343265623436613165363530623632383763633661
63623766353064366239656265666334376633613264363165626463613861366433343633373461
36646263343332373361633437306439323838313635313632366136633262346331393434646366
61666437656631336563393635636562613832656162336632376232343933646165313330663663
39323331356132343566363930636637363234353361393063376263636365613839346532313761
65316662323161646333343761383361393530376363396264313339623830366630376637393339
66373031306163356466396633643436626364623935643965613235326330303061323062613439
31656337656465393164303265346534346535636531336438343534396265643863376237306234
64396535653632356365633237646562313931636137343838313165616433316565353132623939
39353938653839383533613262636634616261633538633334633337306434316439666237353239
35636164306131643935623535633034623633646538363630323037393634323035343964366334
64383032353630363531633761633438313738663562643861626664336437623162636335396632
35613630616538656432613737646635373365303134396464356564393332346336303338356464
38633430363334373535363261393837633335306138626262323339386432626235333830343761
64303863336264303762313937343761363065653233303364306164666430363461626265343234
36643035633364613737376562353930343632353235653166613339616331313266363138613738
66373230623731346338386463623161646466613462636666376565653561663230326335633262
38396661643466353166313266323037363766623831383763353630623932303238633737656534
63336563333362306465323130353534626365626537653364353934336664396562336165656536
64396438373561316239343862316435353130346532303735666561653938356563303833633664
36393130613735633132626562303463346538663633376166326365336164623561366132396431
35323331333739643765346638626532393233646566646336353934343737336261396531316433
33333061373735633634323631336166663966363834313364643564376365626638633536313634
36373231396239343934633337373432386531646465626463656264303433663931663339336433
62373335376566653461336636316661666231653437633832386362306130623934306133363162
64623236343139393364383738616263336537353433666134663631343530346261363062326236
63666639366533396664353731373264343332393331356135386162613231353838626338316635
62383561306432646238353239643734393539663663636565336264663139656664313663333639
36353632366337373632313137613331363164653932386364646538353233333835396138313461
62363833646236646239313731616535316436386565356263623163393134633538336162313861
64363362356131323561633062396531303862336166386230636136663465663633623331663134
3335326161376237333562356363313634333065323465323165
