$ANSIBLE_VAULT;1.1;AES256
38633665373565343861656433613161643265343234313537663062363932356565663237613866
6433306166333039646535393537663838313463663261610a376635326534386333643135633735
32653435653263333831653863613439393536326536613532323566666436343636376261646438
3933346139363430610a643535393539346661346231636238626538323035646239333333333632
30393265626562303132623134613362316139383934333634646631313639333138633030386563
66303566356430613339346265356263663863383433303135643930393963346565663665356639
30373763373661653632343633316630613634393332613263333664376338656562316462376536
38653130306537346463633962373036376531383930666563313063333761616230366666346135
30643932336262633438396464346563393336363730366530653438626339356561666665396639
30656239306562666438653466313132623930623637656566343631613739666531613937333036
37386230333461663835386466323737623138306139323735383732313230373834376637643030
38303736383965383665643665636634326530643735363863616236313331313062386436653361
63306465656437373737373534303963643632613233353038396430313363363561643335313762
32653835653262336632343462363831326135623235653537613132653336633761663731653638
36346364316637383237663861633330636639616263356338346630313332303433323363643531
31313430646531336332396330323835343431336437386466306666613231346233393232346561
34373634313033396138373237633062663031396230643732336231636165343765373133636630
63316635373761623136656639353166303630636338333534333630666439656561346636653830
38363530393364336334653831373638373437363965323234303139653039333534653239383937
31366333383266626364343430323034316630356539316434616239613633353331353030653262
33346266653464626562636338616339636238653931386135316636366465646366633838653139
39356130653938613038633338383931386461316139653465663761373937303633373561373132
31333630623137633435343162383934376663623031626333393863393636333761333538386564
64383762323965353563313933346630313463653631356539653563643733303666383131626534
66306165656266646633383431306631656666626262613834333665373935653066643336363663
37326232643863303034616465646331666536393136313236646266386637343466643530333133
35386462626533613564363837616564376465333664303231336530383633616333393866626563
31386334393836303363326561643866663932636531663663393436383439343434363732316435
38326632656362313537376536386235643038386335306433306534373238346237393432323230
36303334353635633031396332636332346131653133353364363064323631363132643332313764
32343737326230636339373234663231663066323933303631343033353737316631313264333435
66626238633637323638656166633266663261336339663834666265373862663237623530396362
63663438373730666561323037323139383933353362333936383234313433613433393530643266
39333666383938353939316534636562666461346437323532373762376461366334373062323061
63356637636436616236376333343539663166643938313432396332376639383062363736353433
33383762613736633534376565393835343232313162336636343363616339623863303661623837
62643765336338373436363962336463373263316238373431396161393134653833313030643538
62636435373634383664306665643033343934343039353731373839346534663330373036643539
30313566643361663132373137336132383231346630396364383836306537306664326163643532
30306162393165363333626464373132663337666434353535633433313861326461616633376131
34346239396263653961353761376562346165386636353561313962356461613361633538326434
63303430626161653133373166376163326638666564636536626638366632656236363139616536
36363865313437376439336166353465316465363339333839376233386632653536386239376334
32316136643036373234633638336530623030616265333062663232646466353161663832353436
30343233343736393131616564623139373365336539613133313137626636633866656461313033
37393434383034333438323062656235376636356530383831666463646139323366326532613635
39343665336135653037653664326463333037326564353363653663366235336131353139313133
62313261616335613466316164663635623361333936343433393866356366653161623036336664
66646666633166363837373535623730383663663332326233636538346462633231393061663164
64616561373837626133393363663034653961333633323031396265353635393635363836653764
31356334653635643531373739383762366332363537643262636434656463646435346635646534
31336565393165623938623935663964616132626531643231353165303164323638623034303565
65303263353835666539626133653264313261336337356531383733616636663265643266666138
3634653439303964633065353637376331396333333161663139
