$ANSIBLE_VAULT;1.1;AES256
64363163636463623234666534323437353065616561666165616361393739346639326532316433
6265613632363839663838396366633835306636356433300a353331313762343764623939613035
32616632326434323365646266666430643662376138353061393638356332316637376164613462
3836376238383039360a323332303033653330333834326362333462306536336130386266646131
33646435616165666434316561613062616163663763366132333733333533626664303236613737
30396432353966313565316633393832396635663964353563333234613534353263366566626634
30306539343237636563663365656431303631303161623538653266666466626135373264306536
33373533326636343933363561363937316261643632663830306238636432333534663632383837
64326637396164636231333665333033623834613333373230396361333030313363303630306165
38303136386664366264303662643432656636666132626134613362616634376336386566313239
34326162366466386262376238663237623331616165626662663932646132333563383564616662
30306539623163316162303036383930613435613365386237623133323864316530343938646466
30303261646162643262396630653532383436613863363461363239646364323637353735636132
36366133346261613463363934633531623238643732663734643832633338616632333735393135
66666433336534333262316437353163363561663130383333353262393136663432353961323864
34313462373939353938386161386265633864353931333964383334663364633665346266393666
35366633373631323934363835383334636335316234366637343863643366663661333131616434
31633866613538663338353165333230663834336262643962653834326430623234393030633630
31643233646638653063393065656638363333626236633366343262383966336234333762646364
33383534646431393664633866623538656132386530383961353634363735313831383362363636
30313262633230346666636666613831663538666338626330336436393365613464616334336230
35343462363962623366363462316561393134383734313832396163316165373733663466363063
32666265613432376632313130333339333062626334396335396566353039326238336331613261
33316630383237626431343065376132623132326561313363616236313436373235336131666138
64633639643432623733306537653662316437383933333134666630333366623766393665303462
33363232656336613061666362393830653638353232353435613339643666383062383164366163
36613964373666373931316430346361323539663662353066306262316635616335323734653864
33663261393065393463393365333463313466363163383166343838633233656432396664383431
32376437323432623461353236643361343930383436656532386633303363663139303561653565
61326366333363656330383162393530313165363637363738613863353263376530663030333232
38363264653765376566623738626366353737343932393465386133336136383035323233303237
62363439663338373333643130303463363130316561346565386233663333656361316532366361
36303161326665633662373063613937316439633236636339306361316263646237613535323638
39306436343762333639356236373863613232656366396232643338316238366436353230316636
30333566346162323530386534373734653430626434643763373962653965353136396666323130
34373436393730393261616261323734343838653139336636353361633033316266636564663165
63613535363862313532383630313364623130343734343363383131306630363031343136623139
38663235373232626637326263333966626132316537646638633731383033626134626233653333
38633336306662303231643736626530643764373338363261353864396135303031353138376463
62643039623833396235653166333732396437363334303163313334383030306139643437333634
30613539646231303931363361666339346438336365323634343738353161616538353065653731
33303734666163386635343530323934636335373164623766646636393133346565663039643663
62306562663333643737363831373539303366613566353464653131633966396565306333643465
31303562353030313333
