$ANSIBLE_VAULT;1.1;AES256
39613034346135616235326335656362363365626662633862373436306366653263643662366139
6566636637393864396663326365653637346335316636380a633232633335306538333537323665
66613532366137376330323662653866343034356134646563663161303465323832396133346335
3364333464333363300a336637373233623233326237383162666338356134326465343964643732
39353032663632353765623332656663646330613931666434363266346532353661313163633138
34386631326164393436663032396439636561363263366638376162363531646532316562653066
66626164366133393061353432643666623033366365616236646661653739613563646438333936
37626333663831356537653666633035623135313363383339393966643630656430626631663139
36303664316136343463383365643539396266663538626531626132646161363236376633396562
30633061626164326565663939643230346638616533316332623762346332383261313232623033
66373232326230663661326463366137626538613362386233386337353634653764366364613862
39386361393165353863386534333462396138313634356361393266333731396537366235386161
30306434343064333764306636633561303633326464326537636333663731313239646639326435
39643638326531326136356263633162356638373734663633333830653062633535393662356634
62663763323665656239383361353962343934376366346132653137393532663134646332356535
38613435313064366361336261333538643661376439356339636238613239353366363733336365
65313234626539633832646336633437346630633064376439653137333635356363633366663535
63623334373565363730616239306665353434636634393831393637363930393830643035366364
63343466306535386135396636353535663338343432366261336338323464303031373761303962
63323864373339326232323137353664636236393531636438383264653434386532626439353034
63346231313431633862626431613233653634346165373638666536303862613536613166633032
33336531613936393037666364303730366361646262376264643533356332663236343533316165
31353734366661626337666139353363313937303162656464333239393261303534343539613230
64656236636332386232353034656239613734326366623737633036383434333339396333343065
35613133663362343631643133343261303164643361393963326264343564393838316136353666
66393531623139393039343334643934656665356665653365633536343065373836373464386630
36623865643864396638396666626133393633633539633832636566363863303364383434666534
31363935656636653562386130623535366264313864353434643862376463396335656337386463
35373066626236313230333736316537633365393065656364636465313431626565343131623437
36626664666364666262653439303461626665663863333363663964316431316365646238313638
33316466613435386532666666373562303436636634303738633831306662666563303566646437
61373533383830356232343338323137663136613335343438393235613833653932666431363634
39316165646234336461373736373063303366663063343361626538343366396262316331356237
66323365326566383336343864663930363430643262633534396633653466636431343935343463
39303030373661313235383666313237353738306234643130646130393263386132316534633162
39656438623063376630613164636665383463356534626232653239636366323235653639353963
34396137386335623363303764336630316636636162396134616334373535343934343165393964
38313137663062323136363938633463333864643961303832613939383835323038393436376364
62643030623565353162363265313738363132366431356630393864363536303134633735366137
34653464373533343463626665366665363662623634366464613264323463333634363732386238
37323336363161383032303936343466626532373735363566376263656631643361666130376461
66656561313135383861313631353964343261393863306165386365303937616531643666316438
61373436363932363932346165663066343263383439633464363764323333376636363764376364
64666136306131333463633234356431346239363764313262646364376536373637653934653732
38333533633634613062336133616432633935376462333232616466356566633335
