$ANSIBLE_VAULT;1.1;AES256
33373735616464616230353864366332303766326264396334383533316264616434303831326638
3237636537303763303263326333313834393761393530640a353963353337336665346136333334
30313332323366326166666134646366306538343061626235383666343863396534323861353236
6466633837643563370a653131623263383861393532313565376339396338326335393866303934
61326132373763336664373936663761303961303336303166336236663664323962343762303831
34376465616265316439376666386334656438343639303137336536343939656164306564363237
61643630643163393235386530653933353837393834343061623538333037373161626638623963
33313936356337653032653932376565663035353536373961346230613538653963333438356561
30333438316531653663303034306130616630313235363765663332333435336233623164346337
31643966643335363661393934353733333762363531346162633763363563366663316562623534
65343533366135313237643165343738393736626664356137616539366363326661383034353762
35623964343863613031383463376363363339616635626462643039643330306133623931623031
38656233373934663366643932306163303238366532666664313764323033313238306136306530
61313139386335653461346238333362643830326337333864316338623461626535613531383838
33613263633232333933646165633365393239616666306131653663353166356663636635313837
35396530663933343462316337366638616537636462343439666632383933386665623831333063
38393832623235366536353233653630313433636433373036313137313462623966386234656134
65383864343165626635313362666361323363653435626166623966383363363164306666623661
32323438306663313963383362613664333362373765393037333339666631626537623233663863
66393732626439343561356130346632633636616633323161623761393632656437623264393561
62313234346163616539393566396538323864366461313931356166326330336530346132346661
64356439306231353834616638303739626139326263303834633635643838366231316538303862
32623663666634353833363561653362626436393530376563636430383335353731383564346566
62356361356438346630323262613136393134663736383539306632303462376237343030376431
34663663633637623666613430623235666635363337623264653539313335336332393531383538
63613838316338353539663665353536383331383062373035383362323039303665663938353465
64323266323366326234623366343637306664336339316239363830393930643031326462626266
63363633353938376464356639613165303837336265346339353265643165343333313432366437
37666363303939666432363061613661366637626664303965613734303530303033633631386666
34656464323239623530643666643730373239313533663333663265353936646631636434333964
61366362613139633634343136643036663963383934316538336136626639643633336664333137
63303835346165336337643834663062376134666363653233653665656132376536663733656239
33323135613633366664616265363239633035396435643661363732386165343266313639323866
32303366613139363138313563616135323064353733363039363465616237663036363035396664
34343133656432386132346561643330383065386532646366646466643539343234343331393635
62323132343263393032356130633162333233346535373033626437656464616633623837376362
31323132306466333362346434636634363365353263343464643237323134366332396462336564
39653438643639316536366435623662316462366163613433356665663863323162383630663334
66363837616238323461333731643936336239646130346537316339323435363930623166626536
38653537333437366365323639653461386235386532323231376461356262626563353262363733
32663464366137333733613333613932303366343139623939613233626633366362383234386437
32393633656161353334393363373361653531393633333033363761633539633264326630373666
30623835303035646535636330326665343135363966386137626164363535616434346433643839
64313830313237333833616235363833396666316162363837656266643037666630353435366431
33656230646238663065376263306630396131356161663731336532623162343034353538656232
33343631373965343231653036386532336438343865343062316466383237633965626338376432
34303964613266633733353062386638313965333764323736666534656438343263333334643766
32363364336130613361373965313330353765626663663864313166383766383236346133643630
30303133656534343336383339663264366135366132386466303336356230396262313163373363
36663736326161363635356139623934663664303164666535373234313537336466653033643062
39343737323463393837373863303866346233396431653833306563323964366131646537303662
31323863386163333831
