$ANSIBLE_VAULT;1.1;AES256
30363035633330646633356339616236636263613036643633353964343762386363616530363132
3866336261373836333730636137633364663032633836380a306636616662613435306339323731
39623033393138623039636131373365373632623836633662376139393437626463356438633932
6432643533393061360a626537663238343566653337336363373635383937636238613631623366
62343264373366313066646632643733386234353438353863313366343062316339343030653332
33363539346661663062313164363035313662303238613135303064373039316435333131633739
34333637376530383764313731306131306338323939636134343830363538663331613066346662
36343362626238353031613166373161613837313931373335623634663463656265613863326162
36393632383061396237363437356338626130663063303838653561623633323234393162336265
63356238643435633865623336383438333233376132626234663436386435393631653532316239
65333431366130646436313633386634313261313761356265393431613634663363363339616566
66333633326364623462663039613263333238613866313836646561363234376231326562363933
37353636353530373332383364386161363131343933653530663863663836646130633065316236
39333535393537396330363238306562653432353561396562396663636538353134626165343138
39366536356462613436313239623935303932366631383233396639363536663231343963316332
39333361393630633261326234616432363739393263663635343337333038303663666163333633
39626266373762613236653832316562386132333838386363633635393030343262316235323030
63633434303037323235316162616161343531326138343863393039386333333532333634613636
62383863353235326234313264393235353666323761653638613263333337383864353632663761
65343232386532383637333936386538343565336365303332383361363963343630653733646537
62393136333331346466343238636630306466316637626263326639353062356339663364343263
37336563646665653130363737363061386465373233656161633332373862633836666138343963
33623366393065306230626163333963333538313765636139613734323631613635626534396137
31353533633765356239376234313233353038633266313737393864386166653033316538376462
66346661626637666538626537353666623864646138656163663161373236323863636534613265
31393866343130393665363762326437666437663366373034366338316536616534323632316563
38623632653638356565626237353639383166346563336235353333316137636531383630343561
63616563623464396265393132656362376538363865346235303737616335643038303365366330
62636330313830353232623965373934313263656638326563643533343030326638653836353130
33356231613161353965373232613663373131323061343831313636636363656263363265623463
36306335333238313465376531383161643865306164633765613535323339343262303563373036
30616232633836376461306362386362306233356532343235366239623164393438363131323863
34393064303331323834383439613436376565633938393130376333623865613536643135626164
63656233346165396331356262383765646332626334323638613632346136636662663337653831
64636438353537366635313031313462303434623437636430346532663035303465326662363434
30333365336637626361356365393264396363346363323234393133363562393063313535316265
66353463373337383638396331323966643133363530613532633130636533383936623733323866
66646435633061333731353231333864306236323562316332396665366234623131333737396463
33633730323533616534646465663764643038623766363961643932343335393535303365326635
30383237303433393836356232383665383036623431383033396438396538303937316364363761
36313539396537393433306134623639386263626334356438323935373238636661623730326433
61393439303264343963643233653035336435363439653464316531613431653339303434303530
32333430623864393366373063373164653538396365366631626463666433393530306331623463
62616264363235636664
