$ANSIBLE_VAULT;1.1;AES256
35366134313334333662336332336339353034656464323633383937306437653431353437326530
3236386661656462383663336234633163633236393836380a353733346333326432616362633730
36396530633437363431616231333634303662663164333361303739316436306132306636623565
3463363037323539390a653930323065373937323130313361396538643539313239313634656334
66616234663335353234636335643165363939626539653935383136623463383834623231613164
39313563363235343661336338313134356463633136636164363764366235356339623136363861
30353062643030626433666163343833333533346363633331663136303335333734633064663966
31303931393237366339313935356138626266306638323666366363386234623735343732336166
39333630616532653866376662643434343231326361336336386166336532313866356534653232
33323938663066323430393037653363346363356230646239316263363237363263326133313334
65653036623861393833333832343435346639376464353833356561353062633933373233663039
31366231373639663437653062326132613031333262356266366664346539613238383962633464
37646663343332623038363262376138356138633533666338623661373165323366333463383833
30623462303437323737353565653737616462616334303631616231613639333138303636303334
32633039346338353338326535366630303739396563653536303032613162326233343830376537
32343462306238326661316331363936613633316335373337373330636536373631393937656538
61653533376633363434373337356462393137343332636332303932643832343665376436343238
39656635633333326238326432643537636565623534633931313930643736373936356339656564
34666335663139303630343664306238613230326632643561386165623739636335373737313438
61336331636536326661613962386432383232656638313663663666353132373961666137303235
64313864353435326631633738356234333962643938396331636637633036636435386466643335
30633766363734623864313336613333333966303533646432316237303962373030326565323761
36353535373934623239623036373933323232663430356466643364666237666134383666613839
64633564303834646632633332643766313266623262653231643065643362633965306666643666
34343338613733363338623964653530623339363566643331393333343738363833393962306131
66626462343962393965316536383931343632643631626534336465376535633965373231373164
65386435323161643331623733646633306336333664316162666362653336353364653633623833
38353932346537326235333036393435343933353430616437623734326631633765323130333864
63316434306161306633643330626366663836353964663735356366613765333261656635396231
61393732623864626638316534323366353766616161383530393764656637323934623830643831
36363361353135666163656231643363616266663236363730306334343831303130376636383432
35653762373266613636313036396162323361623562306662663031666362643237343131366662
66393737343532303935663537373833303431376539613035626262383039336332646332643365
36663963346266333761363862383337633336643835626438353831656631356634376336353661
35373239353562366139623031383562303665343831376464356363366366626338636438393961
62343830313630623133326237336432616136353530383530366630616234663735633862323933
63653438303035366364653037646330393030353565666262613365363862396132333764313335
33643139353030393439383766386463313031636564393762636432363734313665663661343032
32333039326666666464663130366238333138396131383737323130393635623139303939396361
38323532653961323936306564626131633930333264336230636133376234656236313463626362
35633563343637343264646134643662646136393635313761313934633364643931333935366665
30373762336163663832323066653131346332383136363163393530356664353164633731643338
37613566646164613137386563336437303635663733616635313964616236386136613039386637
66373865666463646264643863333639626566393966636564646464353265656264646639343166
64383862393538333036303430313432346334666231343131663839383466356234643633336463
39316632636138623161613231303832353863643632396266313330393861623661323761303264
35653166373462643036643866343633626530333138633139626164373862653130386165353865
37306564313061643139663662363166306234393737303937636236306562333334623363346662
62333433613534363931373561623461303362633231393532633930323864636134396135646339
34343430323162623731343739373838656563363663323866353666316630323364356132646235
62396562353861306238373539646436613436383334333461636136323464366563616665366335
39376535346566373036666463353339613266366633326235376237616437336166373561323364
6635
