$ANSIBLE_VAULT;1.1;AES256
39636335306135613765356531373837616262383134623231353065623731326231366437643365
6636356166373837313764656634326637646330313663360a373035636665643436326139383264
66623137373862313435356133313134333163666539666233356364653462616237363437323330
3763623962346666390a386166336263623161383461353934666363643934633861353362323164
38666461353662323830323931633533376264636339333135313265326230646130613536386433
38623932363934643830323039353062383630343739393431393737356631653233346439326535
38643736333430653236326264613465386562363761613261313433616130666261666234373731
66386130366465336165626465626432613334623537626539333162356164396537356135643732
38643730663961643332623632313731313332346432616638666362643337343334323764333463
38663863633830616138373637636131383565636234323264373965616435396533646263363038
65643664343361643864306366643164646361653038326562623065373035353066623830356166
65383962623165663031636233373031343331643463383462333837306234356461353032633032
39613336613663306563396131646431623534633261303230626536343030636364346431626134
36623764656330616336386332353064396538643832653334326535613836633262353732366134
64303735663136396431386430303164396135336466343263303031323863303661633163376330
36333730343963393938333063353233396165663861386133343762383063353230656563356237
31633465343761353333343165363430616431663033373662363966643732356533363864353964
37326630633465653163326166386238333036353831366330663336653564343530323263356565
32386136306664376639633363623863613739376534306136616163386462333863643361646239
36636638623231313331363264613338643163376332356465336164323162643466376563623736
39623439343065353235623630643438386236376132633131323031313131373138356431313330
39643433633136636436323361666633373133333134626530396238363632393230303039633937
36383961303734623165626131313164376335303465646630353834653462623433383131626235
33376431313237396339383436366337613036326661373262653933306333623466633634323232
61323030636363623730383834373737346464353932373337393761333535323364303862336135
32376432323633366430336130613161636663666431396338326435336637663566303134323766
65343061373733353134353630353665363931636335316237303233653464386162633062316539
61333335343034633435326363656634663430656464346662363637633861656433663763626630
65376661663033356637643739333132663836656330653831396562616334343932653534653038
30666632626166333239306163383636616437643134623031613865376164366565323162303935
65323631653237616334623032633733623235383963666665336161353635333731303537383666
65396436393235326238636165363730383862343830313438333131653566646236303032666261
61366136323934616661393966313838623863383364636531306465656232643161386333663135
64306266663438653565346634643239393939343530623832633664623365353738656136313661
34336536303239366531633230363839396562333133326636313931343562343663386336663736
66396165346635353638353430666537313838313239316333616339386139373465633532353133
37396362613734313835613562353338653864353332663961636663303537396365656230626635
39386466343134663537333038323865313034663039666565366564656534306130376465313063
33306432356336623933653436326232386266333831353662316533613735396332663463656638
61316432633736663132353063613462626138353436326161623835343962356165313436363230
32333464326134633834643235623135386337663561663539393230306235326461653463373365
65383064376165656338343236383863623338336466636632316363636633623763306136363734
30316366376163323965326330333665633565316565373331346161613833633935383738396237
36313866356363313437343866336335376130303061626233653065363939343764653034656465
39383632376333653462616337393538366361646439643861643966613539646339356536343964
35356265366430633136396535373333366237333161616366313864663965653433373339326636
31643832326162613865613736336333633461333966653063626565613131643830306535303030
31313261316139626133616164323631306436316466626363653663326566636339366264636639
37646663373735373235343038613366623735393332663865663235323166643639356235653337
30373363386465616664333833363164633866353263346362306330333963376539323031386462
31633330633962656338303265613633663462613232396563636636626464393666303964643332
64636238373030386263366133633832656238336564326462386364366364646138356431343532
34363061613033653363326437356439656533393237623836663131623839373365666138343331
30313736366434356337303630623461326564333565376433653232346132306266333639316534
356535643066663636333439313666376531
