$ANSIBLE_VAULT;1.1;AES256
31356538336663643135623266353365656630633462306662393133613733393831363064326365
3038376631656665343837616437356562623366636232620a633764623264623266383966623364
30313830343039303139393235346364353362386462666530623131616431373037326630653264
3337643566616266650a386564313961343966326161306330386366653365346362323533363161
30333735656265336134316330323230376337346535346366303738623864326632313338353734
37636530653266633731656466333036323431336266613964646161363536366463386236383335
39343730663366623436623636353239663961643366333964653534653966363731336630323166
66356361313637356239333162306231363330383736386362613161643436383538623332353931
37613663316234306562323263303761376634626664366565663161326634663665346133666133
64396263313337653839646135663536306562623330313131656262316532303134323232386333
36376639636334663265383639623266626162323136396266373938613937636266333030373733
36663061656263643238303837653063306161613466393431653066633630303730623136626462
63363361333933356437663933396434633761623961366362333830633166373032323639336235
64363963393435393365323764336339383136373135346234346631633931323433393966333433
38393465353737666532333633383463636439343363363063616336626331613432333136613337
61303237343439643836306164323831386231333665623539353330666338653634663365316439
34356166333331396363393533343366373536613965373130323937323364633031643163386633
61313432343533373030386363633935623766613561646530653262633563346665313035306231
64383933396561343539306435363164646535333164366133663638653361663137373962643333
31333664663264626365306661643538333031623963633438386238613762376661666662353466
32303562306235666438323033643266353363653964653365346666633336623233613534646635
62623235353939376461623639653861353965636266633834313464336538663330306662386539
66336231653835363231343031316632316662613839303938373835393263333235653162373737
63303632663530353739323562666339663535386630316237663335353361343138316566363538
63326465646431643632633938333064323438646239376336313136666330326534653961626464
37303231613863323332376238633037656632333935313766326538373431336562613962356431
32323337383130646464643633393534393761346635383066643365656164393839386163343639
38613530363033653865633466393565386336366661656435643737343735323230633030633735
30653538326137393333393665663436633633666334623430653534386464623362663765653934
63306262383230323962663861313963653162306565346437376332653166313833323538333439
61366366626663653030386131343036613630633537643061306562623336373832386263633034
36333165333235643931323839383564636539633431313236306434663935353038643636316164
66643265383465626666646332613366336462653739353563633366623166613230626239363962
33393439353962356537303865646230376331323739623939636637353061313261383532663066
37336463633233386239353831343239373832353864643333663731386162316334613431383261
34366531323934373537623335353939393938363233376364636566353934616235356639643162
32323866656635616336626665313062323932646436343036656263656534623163616432383130
66396462633863656436643637613166353765346339623838626261326534353738366132653533
36666539353036353436396537336534326564373466396633303039633737303062373433616364
30353161326139623535393030656131343139356430363865336661386363346432346438623663
38623439383666316632643037656335316138353263613264643235346335376534666235343466
36653136376334626336623861613662376165646363373137366436626264646266353861363836
38623335393665326333623761613433316633356631646232313339343336393036346662306264
65653232343566633831663166646333363765323234323330343933646537643766346166326530
36303438306633633666666630363336616264333437383765353832663363626133376362643833
37363663636336356563343138613536623634663361366330396532333135653338333032343166
35353630646138313561336464643331656237303565623264623565333932653735656365653037
62383665613833363833613530633032326664623132396234343866646535343831613634356162
34646637333733643831636562626335313262346631323636313733623565393364613661653463
37306262326334333366326262616163393939663039356564633335313835333965643739366366
32363635653963656332656365663663376538616637333231613362663338333531346238376564
39636235363937373266306134663837393032666263613235386262653731353730653933656665
65626661353562616163623165316263303263653561313732333732613032656635356538396432
32643735366134323665613739316334643061353162313666633837656432663863663636653934
31353632356561393936656230303261366464633735383662353862393265366537383561306333
33663762613663303166303435376663356266306233336437626161663531373564313331313764
65313937333764313162623638303531393437336164396430616336653866326638653764363566
63396637346630346339363936313964616333623230613664326539393038303535396439303138
32626330313665356230313639336265353463336563636665323265326664363865346232346361
38323631333961383164383130366639613162616662623632633261616631613932333766333731
61653764626133663166326133356135306566366631373336626266396561373466306631366462
35396563653939306632373466393631643937656566653939313362633733323634643865636663
65353536336661656432613439306236343130663832633761613436646163343830653933646462
62373562313665633938343336616432623031373864383833373462636136393832326432333436
36663666396134393934393365336366323033363163356564656431303232386635366665373434
62303235353938616266613762346163346431636161613533666634666136633962396236333633
65636663316236323436373963333933373062393738353965363539343761663261303639383562
31303065656264376266313431373639316333653936643138356462643964663037393732383765
30346133633562363765326664343636306362376138393464373361613233653834
