$ANSIBLE_VAULT;1.1;AES256
37346235386561386236343438636338323761656366376230653461396263363538616462313262
6438393932666237356634633166323762343133663931310a666432306566303361353464616661
66653633653337396336373835336430623865363932373962316138623030333337643536666532
6137343030643230380a636235666330366636336562656439623865643834316435333035626130
31373136663230373538376532303837333262636132383937633934386165363331346639633062
33336438643163353130316263666633613435313864303233373065636262303361313533323736
34373962636232633835333537623132663564613238303130643565626437386130633532653961
37393830353532613066393038363362373837373734356634326639386434613430356561393263
35343438303436663461616637656130623661373633356263643665336230396136376533643130
37313461643134316135366464396363623730303831343665663531323665363431336639653262
32646133376631643336386636386432306266326136396363633762303731396539616433623330
32383961666639393139663836323138333662663735636162653031353438373436663130626564
61643362373138343633386139353066643231636464396535623933663732323133353535613131
30343962336437363236653637356233383335363831346338653039333034303039326564383935
39333632656233363635303530303536643835313137306165623131373536323536393836373835
35353332386130333531623163363465616530643763386135326632316464633237363962393363
39316661303231363633656434373831333131646635313730306132393266343236653139623165
65643437636138396565656239333165333337343263363936666664373364346135333634656138
37313332626237643338363330303664663665653566613639313636343730383762383363653835
61313464656265323935373766646139623134663665616139623265353532343835643833353236
32666563633965343562333765366237353132303435623733326163353436376234363463663730
37613965323838393737636430623130363038333562373464306638333139663631386561373830
39343831383131366262323565323361623666623732643733646339343462373036343031613666
36323961326464383239353330653435643034333431343334346538303865633436316137613062
33643435316436336531623030313366366135326131333533366534343963373566373532363730
32386433343062393262626633326362646237326538666131643335353962313939313438633361
37376562623763396533313061376462656461346433333736373137623239626561653861626264
64346661623865393531636530323663326238376138343537633739346130666233373331366232
39383832393535373065353332313035663631326630373164636334393165616632383863643730
39353064393261386462336135633630653232366431363764643134313838376164316539323766
32383638663863643532333539616661376433326532636338316363333565653464633137306138
33626232333331313438663439346162396230303631356330666438383538396436653661356534
34636538323632626533393363306239626262613638663666663137333266663433353039343665
66363862663665343333356164336130663061343637326462366237393462343732373736663432
34303766656265656636616438656435363062646233636538366336613130626136373966386665
32623233356362383362376263366333623431333361306237373432333138333738623063396134
66343138313734613566383037303831643737323134653566393561616364636130306361336233
64363937386266646532613632666162643961313734623265333162343464623465636231613337
37353966613436386537633531323566316530393965626163303637383131386534323563313566
30663038343532336664636664633463626331643162613634343266363731393238353239623763
32643436343961366237383637613263623464363966616631383230323962353864393361373237
37343563343065633038356130323163333935616332646337663064636566313365336162626432
37313133386332343634343630633337383661646638363135336134393766653762666233353033
35303365646361653034663735353038633962353765653362363266303330616631303631616232
37373037373463396233383836326535393166386537646631366663326339386236333265663961
32643666623861346335363262383538636339316231303061313536386432646638643561613139
39393363386437353539623561373938396637316436396332326566373739636339633534373561
36343837376335303032366262306130383534636163366361333338666564376639616533623862
64393033616534663738356439353432376530656436666464313237383863663736656665336232
31373037303163633135326263333334333766366162633830356439373732343739643436633166
30393766646335363530393431623037363432656631396639653731643932303938633730666364
65636662306331396131376439353061313436663133343536313334323033346634623633376365
30323132313734656631306234613631613737333437323531303964623363396136353162643435
32303662613439323539663434303764306463636333626236386164616531363334346464323762
35353062613832623664643061646139616633376666636363616534356531653130353030363630
61633633343036643862653338373133363163343231663139623836613239363336623566383264
34373262393465366333363636663432386366393135633163333564633536636130363063383265
64323839393336626532653062623162633865323638373462323366376539346530326263303463
32316331623763326133306239323861313831626337353965316130343364656561323534326231
66396434373632656234346237373635353934633735323435646163623863393634393436356464
38643265336430663133366263353234356461323935636264313661333563396362366566356136
36626634313436326339643339626162666330653831646133623033323461313237646138653564
35363133316363643761666530633339613562326666316130303266623439346664333961363539
36383863636362633064373134363233326234663362333762646233636633306430376430323835
32393137396435316331643839626165313462653337326438383466653734343461393663656139
65623362396231373330383165343565306139383337366565333638623637373532626663353734
65663637396234653736623666393034646463303966313366643834383839643439633430393864
39376234313739303030386537353164653238656266383134633365393238373637383632623062
6637
