$ANSIBLE_VAULT;1.1;AES256
34613839303361653766613435613637323430633364393132383234303337656232623231363865
3465623566346431366639373062343162373034353735310a613534643261613137383166643463
30333163626535656439373261623937393032343730353234656530313734343730326463306166
6366393931653462360a336464666138333566616630623665383239653332663838356265643237
36326435626232396236613964616264366335323032333736306235363935393262346561653134
30343336613930636437396464653330643734623461366638346165316566616162306538303631
33646132646364343430623133303966646633326466376634336261626630356133393663353934
39363066353864666238383761353664383833656430613036303539303965363839326530306464
64376365373635633133313330663932353461313535363833626438666561643065316335306361
37343034343661633062623033353465383730633138303265336638666630663837323134663166
34306430613932303165636164383563616264366161383735383464636433643666636130646131
34393435306262383032613163383835643431326435623661616336616239653366636161353137
65336339306663323865633563646236343136303862643665363138613661653265643637613135
38646431663138333936646331663963393636303032666537383537366331653935623130323739
36323038363961663930313939363265643531376662643763656132373863313239343465393261
36386635383935613037616564313832613066656361346632323864653335643231636235613130
37633463363561613365326332366335323663386366613735333363666261313736633230623835
65306333356439653131396135303837363263303730383331643636326662643037633763623435
62393336313439363538633262356362353730633030386438363534353036336334313138333466
35613564306631336136383634386464353337633439363237316562353937333863343339346438
31653765363864343333323835303730343666656535323063653037386635633630666633336462
30323762633266343739623862643233653430633832623565303562323132326237326664653865
61383636643362393530376330326338633134306231316638383765323264633639383437616637
32646366323165396364613539396232646264653064316162323766646462376134303937623264
35363939626362336464303464376632353636323135663937663165643034323335353036366539
30616333643762616532323866306233393838643035326630336331306636383666643764306365
31366239376336653062353030343037653633306436643236386465373632343733633962396332
66643838323732316531653561623064646166623166356561653636333038663534626238616631
36623034663865336230666538316463323963633234633634623630653264393766633337373636
30613832613561356466336532326434393337363762343033643662663239396537333562616537
62613437363061626438353664653565373437353261366566663932363065333335613838356131
38613034343964396463376163653832636137386564363330343165633332633438656239336565
30336230633166383261303534363061656635383038626230626363306433303965353133363764
39333063656634636636393638303339393932656565613134323734633830393131376234353362
30366430643837326464383532343437316635636132306331356636303663326538393835323164
34336637303934663136316161366262363533313964333032626133313565383731336530343364
65343235313230353266373536663763656364383235356164646334636336323761623438393134
30656664303039326339383538333663343735666564366136626565663733346465396361373030
61623138366236643166346136633564613032393936373739616361663931623462306162663437
30616635356134383635303738613138666135393536613730333134373333336231323333626663
32343831333666373733376565643565313834353735323935356566336363383430326232613034
32613434353335383837336139626363623466343361646338666435646232616561316166356432
66353131373561663631306565303862346237626235396433303236383565613130353464613038
62306664336432666137363666336538353236373163393535323166396663306335616164303036
61383532373763373937313163373534393134663965636437626338373064633835633033656661
39616435656239363138313939666335363263383633363430393338393163643033666338336164
62666165646438303662623964313861393763323236303139393731393230663736373539303163
64333835646366613236663464636434643035663761323166613737633761366661646335313834
64666430353133396262306235313133383064326432666530346362396134373537353637363333
37396131666631313037316264616137636337386361653831376432393237373539663235343038
31343033653632663531663830633666313939353261623034333434636631383135653938366235
31656130353538383764346433346435336166336665376435656334643039643265363833663561
66376533363732336638333737616138623163343630356133653534663861656638356337656637
63613632653834363034316664323433643965326338386664353365313065616435383064656562
37303763666433653062643534623264363538306562396131313262376531313139393634313166
63636666653463383632373732393961386362393534363833633730313330653036316636386262
3262
