$ANSIBLE_VAULT;1.1;AES256
31373232626538666366333238393537303338623334323733386433353638316261383362653431
3764613363356235626639626635316439313432386230320a316532303762663930356133376366
32383337383332356630326234353834313239386333376635633938313732353966616266383662
3536353363386465370a363036386532313138323235323331626131323636383661316562386561
62353032643835656364396236303230313132376335316261373365363931623839323730633661
35303738343237353439376631336265376466386136633234386339633265393464346561343334
34353462613964323739336164623837666339353436353539313937666634666130343930646238
33616662656363363237333730343761386330343865373137336134323537616339626433343837
30363332643431633562366539326632663831316634313638353237333636633266323031313962
61383863396664373336613038346639336335353036663936376461633834646363613736393265
34643237626139356634613961323566356465353962313862656130373165373931653666316235
64356430613362383362653533336564393538373634363163363834303563666666356538623235
30623939363430353366626636333533646437326362313139386263383662356436306665646239
35383136643332336162316235643539333637363061353335326564643836316431343239653135
36313730303866623335326638336263303964343033383062646566623334303361633237303164
35346239666232376464383866363162343936623861383964366561373635386337373664373833
66663934636134356436663762386331396263626538353965336432393237613333623862336436
33353962663063623565373538363766353963373034316265356532623238343762656363303837
32633735646234653461656537613463353761303436613665636135373933326533383937616164
32356336383837653432633032306631363134663539633030633330656538346430643530666564
66663461623231653831363061643564306462353632626363346435623937333033616462343762
38653934303664356431343666363333356365633265633339613963333164313934356534333033
61393737626639306339376138656230396563323837306335306635396631613834313031303837
62353734353930323732343539353165316265366135623938383337386366643931393466376238
38326162346638636663643934353936323032633730313732393036393131303830336330326364
38633730663561353634346161366631386663393961626536366232356539623361323632623632
64646362343533613264343332383035636461653234303463633164613539356232376639656134
37633831363937663564303936656335643263636131376636623333326636323964316263666362
66623564636366343465636665326232646663653965616632633536313261386165313235636432
31623562383333353165636132363134383066633365313330643137656337613336386233663163
32623836616636353431306163616266366434636231363234343734356330346434353939316463
61326530623536626232643166653931393761313235636633636264383666393066663936636231
39646132626630643162316430333438343234343234633638383464326634303662326466643534
36633839666361646539643461656263633766303066323632383738626234313963653138316564
32616631353432303866333739663436383830313739633462646563333934616661336163346235
30353936393963303263336337616466363861346536336462636362393135393566653136373635
36363462383961326662653236333136633733306366616366636563343031323636616638623034
62383639656534323934326165663264303930623930663564643664386639646365386437333437
34383564353462626566623435393864346331316434393765663932613361646337346364663038
36613562366437366632613462656135363265646463313534393131643866363963396136396261
65666539366562626433633338306437643831303664383935303365623534373862343031646536
33353865313831623331623462363537363530353363623536336634313866373133333033323962
30313034346437383031346139303934343132353130636638613461306466353233363162376162
62303065383932666636613339376331643235643637623364396339363064646365643935386233
62313664623135613032376135666266303337356134663133653034613337366330623633633737
65383738316337633337663334346264303430643730363235666139333830363638323432633963
31616137326130353136663834323661663039303866366566666531326366306530633831643139
32663762383563613737613637336666393836646238636266396531613565396432306362653664
38323032663533363338306161383064343566306435336534623230663237616466643930353734
6231303764376239336262663130313236303039363037643235
