$ANSIBLE_VAULT;1.1;AES256
61393062633263656565616434336665393661656439323961386438383761376536326134366130
3663346230373439646565366235383835643335303338640a653338616565396561616430646535
63623935613330393965663963393562633732303437303361616439383636396236393930623564
3466356266356364330a656162643537353764393631646362636663353733316138663964613663
37316666346165656636663135343639376564633337616137396264303639333835323638336462
65383133396230626136376362613331353964396534333937623834383166373166653034346561
36373232653035303336386234343535346632396335633430356238353763633666343934663661
35353763313433386236613438303435666439346463666166363965393438396335376535666161
36376230663039643236306139396162613065633432653663666336346338336135646166346532
64323964373039343134346462616630656265666132353737356162356234363761663266653062
37303837323066366462626134333636633133303166313436323630323166613433393933656530
61663639333266393837383238623163643436656235643963656538326434373436343538396565
64653739306334303634316265316464336333616337653361656539636663653833613565353639
38313933616133616663663135396634363163313161623138313830623539643837333566613131
63343138656364343965303532336137323439646566323535636662616264626361393163643863
30373464343731663138616262623439376661326163366366336631373965623036366162316133
62303933323562613733336232316163316663356535306134633166353063663331373563326562
33383538326332376266383533666631653632393834656263326138363839643739633231623964
61666234616662303261373234316563646635366639343633363530346130346633643066343735
33383261383433376364373132313630363961316133653236366331366639376538343832613233
39356363636538656633663361363138313736363730633631306361626437643335303062323135
65393536306537316662653234336531373834376263376439343632633265656132343839653961
65366635333531663566653462386664336637386163393538316234656366626433646232303762
61306532326634613538353462363331363633346230626666633237616161303131393431396534
36316236626131333735333938623838653732623035306337653830343765653937313537356534
36656435633234356231323230653561353564633037666433306165396236353937626635326165
38343836396633333361663736663834633061663134663331316531313266346438666337306661
64363834303939306339303335333161356632353131326230343561656535386530616134313166
65393363333662393139646263376138346237666334306335373561346131626466313633643138
37396466343339323139353065303531616238333630333534666365313035313663663832343136
38353462343032343164313266626337663363336137666239663534646530643630393031303939
61376236393234353137306266333837343938636431656362383066623738373139316635313439
32343636313631393235326361393239626333623361316332633263316366356462383961353730
39346532626431666262353762326362316238393736653630353637643734386336633165636264
32336637666632643565663231663636306661333761646434643935396666336430326536346466
35303231353336373834663163663665303632346239616466373133363765333466343566396430
66623764643062343836313230366636633732643931366338333437663636366134346336313465
37363536626137646231643763633132633537666666393638343730346662323363393635303938
62613133383634623635393930366164313834323830323131383233336262316331373631356335
61346161363038656234666539373637633134363739663861383361333166363035386332663336
64383135323936393639666431336337613533333338356532313838363437653262663936303035
36366363383539333138333366623633306535373964616638303461333938396466653830656361
38633037396662663938386632383134623738343337316534343663633539393063366333653166
33386531333235313333313565613830623564653534373937363066333433643930383036366262
30333838313463613035336538623638393836396565346163643663326430653862343531316638
31313865633731326235613733306436623965626536353166336136373039393365376539336534
36323835393238653234653563326664663932316363323265333761393636326264306461633630
39353062313362316237
