$ANSIBLE_VAULT;1.1;AES256
38663662663035353331666565363766626437316234303138333234386162373065303337643031
3966333866333937306533386662383539623562396630350a613236333331363434343165346137
37613939363161386536663665356466393638353430643364313339363764336565336366323664
3365393932333664340a623534393564333933326234363364326537356266393130346138366538
66326161643431333134656631313763396133353963383533633737366433373461653563376339
31306539323931396365663565366137326233626232663833303365636261653761393433386239
35643538376238666531303630366539393337393133396563396634626135393033373166663132
30623939613234613837663533353038613361613530383566646130333836363733626431386330
65653262376266373038376535653361363332323766353666646334313135386261613334343938
37616639616436633966646633373735316662343465656636376162353934363962313931653365
62613130333766346436396263623661313033646564313363363065653865336231333931393765
30316336373766393537333064383639643137633931323564653433313764616231663661356266
39616362363833373739386134366163323836303832306665303232306430613933353466356538
37333830373234663434366231633635613363373330356166396264363837383661656631386566
33633637653166306537326564336434333165383062643665353635386363663766396362383162
63626134373565663530343134623835336336353931343539353366386337616335316130653637
61353932363435626237653532353236643838306534323530326364366465373864303134366230
62393134306464316339306537346164646435353462626266353262356435346261316261356432
38383730623632623432356337393761343131346563383137633864626531333037636131336336
38363861656131393764663564353266626135353138653738663938353833326331333237616138
63623130366533373662646330626338346437343666646339626436396532633135386565646334
37343264653737333332613762643736613836633430656534376236646561626366383964373737
31663931666561363166346164333163643439653336363239656332393130383763303136373137
36346636633764323564336432636534383937323866666533643162623939626232663761303233
37636138643363323163313337646533646265303361313662346532646631646431393663643462
63333230366461643539306338336435343463613634323637373262336665333131643731626163
39363237313039303438323430653966326136313831636639656339663765346162373937333037
35363466383861313765333735363731383633646533666439626536383932663265613537336365
64373639613166373135333564333935333338396436316134346261393965363865656134363935
39623939366566663266663939383431373962396634633861366338633232356661623437663733
64313436376165653337626164313637386633326462623133623161353864396136663930333039
33633430396263653230626263666364363933666138303861623536333836663936316432666465
61316665663764623433373536333663363236316230346666653662633262613536663731336538
31653466363032326238353961383431356162306132353336643362653837396436306366333730
65376435653532333339303665313934353039663730363663373831343935633236363535633733
62653761346262656530626238613638613339653235336165353738393238353562343561373035
34616138333436643733373063316561326537633536323163383037633663303637313565653533
62373838616661373962346565396263353761336466343965373863393062343634353865323036
66363139326565383661343466336337636335656139323263373661636132323635373566323031
34316338613162656137613133343562313934343130356662346461383031393738346536653133
33323563636565306562643631663464306363363266343936383061373036656134613932326139
62396231336266396634313536613565663033623637383738393639633562373033636432323738
61376333373032633735656634623539653661626664623666376533623066613436323766356436
36363938306664633362323564613765373738666339356636623037393635663735623339396333
31323030306634306230323062396234393261653465316565323137333036363366633832326437
66633839313839376630316330306166323937333565356533323236363238323437666439313065
38613034633032666139393339326438663837316236336631613633326466646434313965626666
35633736343565383633363630383237616366323965643939663962383435346535663731396637
62366238666261373639373363626532356330343062373066373739376537643037326134666132
31643132346165376233623062633062666366663261643766336364336162326261316165336362
62646263353932666138663639353435353364623264616334663864323831346137663666313930
64363265353764376630646533343665376436373165353166346661356431316564313161633038
66633337313261346462643437323265336435323432343031356161353366343530306330313366
63656261393065623630663631356363633737643561393163336232363963616232306337356462
66613732636432656335346238346334656337366132323834346239363231653961633137646132
39333537623731383039343735333633326430643037393263653135346338366564346463366163
31613462373238613638613033336432653261613962373962383065326531623264633334393235
35376161333338636665616262396331613435646136313131373061376662623366623861386139
32383630373338393737326361623463623931653430333032316563653531366463393938633164
62626632626535633264646139313864666564323666323164396237323964653938373666616165
30303338383736626638373539316264303562626331326234303435663830336633666266323366
39353335633533303062383566326436383831613535643439363537313930646266383238366339
37353164643563393838633536353938656536333661323562376534393162666539376435383732
64633235663466633263303635656231346465346661633738653835313066643537626530616632
31643063623463346233363964303436383635646163393238643737626333613537393830326566
34343831326362336430396330346563306235656637313035386534396363363063613161353539
30353165663063383235326533636162623930363262663431383735646333373039313766643665
34393834343863663964353466633131653262643739396265623232313839653435636639343365
36616563353361643464386136383830353036323331613561643863633961663431336638646364
37363963613439636530643637633131633833386336656235636139346635376165353262386166
34643732613864313033663835653634376562643065353033383337383237626336326435353366
61383030393134633666393231653131363563656362363032333832613465336235643061376231
34306161666162643364663731633538353766633335326632623135306436613336626530666334
36613737343238383438333934333735636363353361343433393966633561626430656533343261
62363037303737323063333164356534636537643839386262346666393037613437636433383266
32376439373461303137383633323237623666396462396261333039656635353333383364306638
64366634303763363231646364323633663037306432653732373033373335346530326334376336
31383534363064633034363636646165643838373339313666313332396362343931633030396664
61303430646333343635323937353563383138633337636239336532316365653365333461663535
39376137313239343065613830636232393764343931386637323263353632626138396333623838
64633232393562623436396162383733663630323431613339386239353231343664366434353432
35363366333063633763356261336232333237663631356264396564326166303331343933366339
65333232306438626133356338666333376338323661373632613665383335646631643337393934
65613535326530373937333234656138653831343033353863303238653636626462303933646334
33636132343565643464646235663261326564316339316439363364336137303334633762646365
61346130646238633731396464643133343561626638663531616566343964376435653861383430
62613963643436653562613766353861393234386331313533646563313262343532393038653534
30373933376466353830633262356362373134653962653438346533396330646562316230353035
32396130623832623138393664656164626562643935353163343039643337636463396562373237
63363132343833383731323262366439376235316631623437666235323437373864666363393539
36363235623637333730643331633364393439633032636362616434613832333835363334353530
36303039646364653065373462663130656137653338656330353563653562356631653732393737
61623964313237316431626333643263356338653135363934323830306538383637623031386438
30616139383366303536346335613266613566363765353330303037323665663338666436633331
63333935653533353237303832393637313666396239616465363461366162636162343532613761
39306266303065356238313961653037363366383164343837616534393938393231333264323065
66316162346431623732626339343732316264396463646262616164396665306466656263333831
36633037633630663931303864366433306335663630653039616338333635636231643734633536
36343961626231326665346439383734343666343964653938383166643634633939656264663063
33333663353061363439643463373430383764306264376239393766333535643337343437636231
30336537616662346538663639333732363139376137373061323238616239303537373633333536
33393631633461363831643933633061323533326435653034616564623464633739313664353536
30393666366435653635393632623066653135396464356536333635646335343365303735396336
31363665343132303166663136333334646366393964626366323837363962623134623361636365
32393563346537313231323237303963326533663166393861303861313639303131396338646263
65363733303836663238333635613437393366643934363430396466303537646239663733613836
64356266643262663231336164346130653233376539616331656132653337366531326237303464
31646362613135633730363634346230353663626135343238636531623464663132336135653965
64333036356431323234316562633435613538346261393130316466613530366336373038663438
61323136386637383935626637363862353235353866363133383661653162313832306134386466
35636330663761633530303336333438323532323433306637613037663639633662323432643663
35306335653633623837373837613534363639663632663936383037313031663135636539623463
34663030323435366634343836653034346439363933616463613032623936393739616264313831
33613036653837323565396162653434643131396466353439383766313732333363363630623532
39343163316534326534303532393365633935623264373765353665323364396233666536373030
65306364356337303930643739393236623338366464633035306138303432356661613332346333
61386461363461303466663734366531616162303637333664356336653036663132386564356162
62633666656436626636663131663135613032623730623731313339326362303938613731663965
65333661313033636230623134353630613131383036323930626362333132653235306630666665
65393961623737393633646563353536376633303930386263383961666166323936393631323339
61616464323537383036613561663933383137353730656366323639323566646166313038643961
33383634396365316635353530383762373639356137353962393239356236306634316363383463
62646165393163646130346339646532316438363133663563666262333566633434396238363734
35633363313765303061623139373138366632613130663938376336366139366233646636613739
65613335393031376230396664653139396438353431393836306133633837616466363032653231
35623132643961623231343962383433323532316462393163643037383332613264346164386561
33643437646232386234643461643564303162353433626235643937303331363831383632636439
63356237373266386338313161306437643239313634306539336162386132373361336434363764
64353630353364666262616533653263643564373664643537316261393465643937316234333734
63656366656361643130643133386334373638643233383565353061653533646439333536393233
64313937366437356538663232316434663430643436653432646561623232343562303031383832
66303631356430326661636366613837663261386238333632353836353262666666346432666437
63663866636438666132623635353961646239643361393164396334343332353635666531666534
34373134623063313734386662623931653333386166353866323933653636376539343430333731
65383736666163333035383630313237346562383535356333653431666462373234616662383661
33666362323564643639643537336564383136666261323362653538383737313736333566613738
35626132666139356131366364613762626135363338613336323030313161383664333866616138
33343765646162363336303833303365383632613533333734623539626637313535343036346230
62643131366662636236396466643332333037313265623564626130666537326538643337396130
34633639376331666132343834653035363264353761333165323364313130323437376561393234
62366534353733623532383063616635623537633366363536633766653831663062323066353466
37313032636661343637346436303961373131613563343133386661336538363633323061656130
63363531633939343462656565313534646237663063383664646532373638613332636436623839
66356561356632303735616462313035613461646161323334353431343962663363626564323839
63313561363435333131383535323937613638626465643531383264306233643065623138303438
35356362633263303238343366636364366661643139313264643864623365313863343761343934
39643238326662653366336566326138633266313462656235613936343739316239303761666464
39656436326639373037343964326230356263323331333732363831343734363364366136353330
32343566323538613664393433336534333864633834626231646466393532356231626362356534
33353135613537343038633265393533313066333631616139323736306231343433356236363731
64346430346139363363306131343062353532303035333039643136333737656563303363393530
31396662656530663862656461303137343566376363393831666331363238303131343033366537
33653938616230383565663239323236373230316633336162656264616437393964663134653034
62353062396565363561326562353334396130653635373238613436343830636139326165336138
64663335333364353964333838353238313831326634366634316163356563303033343431656233
37333630656131373232353732363663333364386364363439646634636565343839633361616633
62363363326137366461326433656635326334356566376564323433363061623063386337623637
64633435356338303664306239613462313133633734613538346532646634386365313565306138
39383037363435636265663730373837323830626362373732326336643866336662626366353237
39356237363533363333383032623639636663393131613832613737363239306135636130636438
32336333343666323430623363346439656362313261363534643264373262376434623538346437
35346331326566613834373632363737613262343234653566396232353433626435366531646261
34363533376663353964303537333638323236643733353031333538383037306532646364383766
34626639633535333463633133666562373534663933663163616539643632643630353631646230
63363463393263323764626534383261343063306339333533323139323834396533323563363736
64316638373466323566396234343538343633346335633964363138366536653439373462393161
66373161663136383837316138303231643136343566643166616236353631356665636531656539
64313265313064363333343162663833653535363439626135363133323763613232373539323337
65333438303166363835656235313666303231353036333664333733656665393165326464633763
31623331363261356438313235303231653063613131653464633464363739363537383935653861
36643838666661366562666263393865353764316664353065663930313137633638353136613062
63373562343434366330323832393238353863636166643037353762313864333732356662633761
30653266326635396131633331643232323662346630613530633032363330643435653332393262
39623436346634613463366530613833363736323265383130616135646462373162613962656337
31306661366161346538646331366138313330363839383765373034363665336631636361343034
36396465656661623132373339633438353835626336646661353835646632326439356465373238
30346237353934306435393164663139353030346236353631396639303765353764323138663864
64363263326465646465663131333965633735656538386563626539303964346365656638353830
39353030393038643261356634396365616262373364396630366135323235373539653632383464
38376163383738663061303837383162393939343535616137616131383139383936656439393863
34376364383037303136633532356634666664633235313139313561386236643930353163633462
39303735326630666439373330643961623531353235643265396439643861656164326437353333
63613333386231373664663761386262353533383466613665663965336362623631393766633566
62383063663564656634356339323631393739343031653933306236316531376637346563313036
34386132303764323831343839333865383935633331616564383138663130653664366565623236
61353730363033333866373766396331343037376335386332633030326539383735643464656133
30643632643464653862653439643366313839393437383432343766653566323731336561313164
35633532646439636536633437623837346638646562323835633164656336326532373438613234
66663863643130313732613266613161626130396131663363333732303233353766653530326337
35303966326236626466643539306639303664613034303839623437303533366537386434366164
63366432643161393361343063343439643266633039393330313634326139643965386236356162
34643962613338316534633633353365313739383036396162356263336566353462316334653964
37306333396230376337366363343234353938646261366165626636383333656130343834333134
32643036663764633036346265323237326136633863363234636166643361343837626363666165
63313938393734386661633861396431633761336239333233393439323938363937323265336437
38613862633737373361336234396364303163623362333631376336653663333164656262306632
35376130393939326663616130633537383036353834386536383131303361333962623264626232
34633931333464656365383932623638643730313135376664663761373938633661666335366232
63366639343466303530623566336562386535393966656136626535343034313061656131393937
39626633663738366461356131666364636235666365323964383731383066636238376665323333
66333162623234333335333264643535613563396165653361623566616564306263663764343262
61313731393032633430653630336565326563663337343139643238616365373636303764633938
37626631643039326432616136656232656433323739393531663033643864363063356336343637
66373633346264313561343163633365353038643239396166303734316636653639663064656337
61363932393361323738313333646132393437303530626266346334346336363439333035333331
30363063366230373839333139373730303539306365383133616430336239333030353231363538
66613261646636326230613132386238336565386138396630383465326538333633323333623835
62366138646339663464653133366436323165336664653266393530623163323834336266336235
61323166343139343332646661373461613861643939303737363430346139353337393130386664
66366331343237626238363961323838353936616631626132323532616432626464613537613065
37336662613433306363386232303830376162373536623738663730366237613635343531333931
62326263666337323734396436353035333633613262383261323865633964616537343166396633
34646536396138666561663232356331383034366136316333616133346435663837316634333237
63666135333035656561343461373665653037386437623936383334656139666664306135383435
65616266613533323865313232663939313939623737653366616135343631313336666133326433
30396561616565626233376534316438323463643536653735366438623831643465356634656163
30396238646631323763373236383834353462623237613839643632643331303338373165613039
37383065353562333136663262346138343639666535663238366436623932373964643265333061
31623963383936666533313836393038303832373562303932383731356563653238663866643566
66646139336335303232623661386162326463613162386162663361376261356531386330343131
61326436663761363364373831353162623763303134333638613966613361316136376166393734
63626365386564316631623332656631616566333037643939336364653135383238363136653735
30326337323062303239323262313163323832386266613931373164383236353065366565313864
61643663636233353638613733626135623233396330366236336637613334623962643661313933
63666530663833363737386634383436383336313433383066363832633361626363363062623837
37323164633130353730613766323439333039386561383933633835396561376438646166666363
64636233666465633062356133373032363934373961383232393538343133633766653136393164
62623565633663396264383634333038343235313838616566373131383561393434623036616665
31333634333932383636616464626366633365613937323037643237313634336530653233363332
37346632353831323166666665343562313366373530393766356464643231336232386435383839
61356131323136613632346131383234643934363937303731376666643535666431663634393233
37356161363439393931303363336330356639316138353262366638373235393261373663323363
61636331343664333166393830316430613462383137363363626535393836333838313662393231
34393833616239346664636462626235633865616534396238636264643265666336633364663363
66396364653035373238346265373231336535393933323139633739316265346437323736333932
63353336653731626331653536633966623838313232316333323362623564386130343135343131
64336431323630373261306465666233653565316637336639333862333332623762376264666163
39633562323635636364306363636565316362343239633530633564353731363834633639303061
66376661386631613463393732623433633964646561623533313664343465363039653366316165
31386262346639646439333333303663666233343162313131636338313437353437303935353238
63343730316634323031303063353030666464636366666336353038356136373936383739333934
61356531383237623262643735373135323233373537353834376134663662396630316636323832
38306335323731316332366130333761336365366665643865356635346262343533626630633166
34326138643232323064303361633731313137386565316536653864666331303231333165636531
66666437653162383165343066316661653864343035306635383065303563383132663735316463
30623537343565333063333431623931653034356639643930313139373139646332633261363561
31376438396566636230363564303730626236313263393131383033336139666333376637316536
37343632383638663066633764623738323339346633363262666330326631643362363966353533
66313938643934643434343837313230326235303430383765303235393363333938616361333861
37663663636436333932313930656439623462303731666462653261346531346162353065353063
63393438623166643131373733643062346233613339646238393532326363363534336665396337
34363134646366346661326537323366653166613631396364666634643061393833623065613134
62643238326639303036323232666330323263376330396437356639363765303937346164343565
39336563323865623835386665303037343266636331306536663836396662633162616162326339
32303265353933313036323937383963323233323633663130396464383534646236323865613139
39306334366435373731376464323161383161303931613836643932313134353630323563613236
38356464373034353366316136383766323137316132363730336265346463323766313032623162
63613138636235616534303332393730643937353035303634633539366631303661626139646231
33666166373762316536326664393861646632313837333934653536633462626532633361646534
36663339636566356133323663366263313261373637333233336464353830343966383063343863
63633164336466326661333965396665323766393336373234303466306234363934363761393432
66393362303733323963626633636362336535663431636465376133356636626666363231616636
37383638643861363565333534323535343561323531366662396632383134613632376661373037
31656334653663373866316537663264323533373364326536316238363039303435356462393634
62633365653665633138353435303263643133343331616464316238663163343565373638666364
38633665636561363964333362313030313034633633643464613964656131313562376263333761
65313764656332346636373132313762323334356335336430613462383839383466653532313536
34373538396262353262383234663366333932306265386337376466323437636331623532366237
62656332346439623338636565616639323662363861373861393661383664653766326261326531
38383733333430613766663430643535366564313134383339636266386535356261383862613865
31353036613461663634656138303034343237666161316433363633643130663466343733373765
37303939333065363737353863363334323030386161303365316261623032363235653736396466
37393831326138313261373533353535376634383864393664386362643863316135306132386133
30646433623165663565323065653336356364653837376234633939656665616263326637373163
65343733316435656132306264333435633533346630623134653365366361653135336437666261
65313835393965393363666561663239396337613463343535383633663832343035376565626565
33353231336565356465623631366132353038386435346135336263613263383036643535663562
37386333366263356238346137393266623064356563393166353166623639373831623936646637
65386336373937303166333765346531623432336235666139373236353663613163393438653932
39363532383734663137333635636564306438376164656637306164613039326337353566326462
35396339303032363633346665306235353239386634623263313962653131336162333933656461
35373730366366356336303966666533336263383765363763633965306663323836363566653932
36623866613530366264346534366630316262666563623366623761626335613932316131306430
33306366333161363932303034653662653734346430393965636663353139643262346339633631
33356366383136336535613438393866346338386465626264613664323734356431373930633030
35613965653735333235363130356135376537663238613733306265353732323066663934366234
39643163643064326435626461303265363032316365373166353435326636346663643963386361
36313836373332383663653131656430656437396265333662363138326662356539656239353739
63386162663430666261336566363034313662663834656566336139623434623434336466336236
30353365393836323032333532613232346238356566376164366136323030356662303333326262
34646230363430356263623239633762646135663731316266383134343936646336646439343761
34613133633933303236643632393565336638663131366465363832633330646239336638616664
37643238316161633062646630636464616135313432376636303964643234343461386431363636
31363830646234336233613633666437353233653430643934336431323863646237653962633362
64643361356330656130616365623636393663356631333132396462323534626331353130383438
33383364653763336664636136366230373739313339393131333534336335343061353064653130
36383466356233373237353962666634333062636163313237326538356530313837373231393437
62336638613239333235306632613432393565363231376566623336623632363032636631343662
35646531303733653935663362616438633262633238323139346136333633623062363964306531
31653131376135653437306465313765666530323133323731313739376561633233346438663363
63303230366638626239353862663939313435363137326166613362323734363734333834313636
63306563363562376263326331383166383463643837313536326265386133653336373735636330
30643334346535666362343737616461303564633731646661333136393134383166386535633531
63303234623561643433396638303030383131656332353862306331336363323763393361613866
33616665623266393436316639613633303539656533643166336238626537333735643562313939
64623937343736333461343439376131393134646266356562343963613166323637386663623437
35383863353664323664646362616263353063363431306637616336336531623335376566343232
33653766663235363237376661616534323930383966366631323732393332623165346338633936
61323537623539386462653265323337343630616435346165656637323638626330386439383133
33313666623136356264613935623965396462366366333333623563656262346433666562383237
64613331663565353266316133316534356539303839646164653663343835386438343562343435
66303064353737323061323465616530343832366265303539616335653932333864343362376631
64366261663739363435393330336262363433353835346633336134383534663235373631303933
31306361636434636561346561613365393030393236383466363232363363653566636238343831
34633237663436383766303635636566303661636138656233303161303531323131393539643464
30636532653031656563346162326235373961363361383362653537313765633064373530613431
61663336646363616134643963613566356566373236353862363562303965613763333166653736
33663239353533633936306437383231373339366334313365343339666438396139303765323666
38613831376463383863663032343365303135316566663962616335383332653931636330303738
37666339336339303566616233383536306336303062383432396634313963323266653764653939
31353732393265663030313332313033623961633939663763346632643164396664336630316563
37343135646233636562313037316230353066363731653363646134323764366539393634656339
32613336643337346666343039326262303461363531333263623865376366623234373461373763
39613235393339373337643263376461303031393266356561373032306339363761643138323166
39386435366563636137316436383733376562356638356262666566663433396430313133663834
61613135333636653130306463663139376637653338633062323733346230633835643162623732
38376333313835396234623835336232336465316162346434633863306134613764613466316537
38613633633037646333333938336134663164313133356639633762613737323631343038623131
33613239386136313861633930383638343638323535366538353334333066396234666135653034
66393834643963646533373630663063643138383166313035636461396630643737663933353538
34306334396432323830373731656531646531373634383138663563346434656539666137343838
31383739633266663935633834616534383536396232306133316561313530376161623032326464
34396435366333626539326463623537376537396564393333313565616433396465373838633133
32646165656664616662316166633632336435333233316635373435643034356362633562653762
36653464393661333066393232303561356538313033633339326561663063303363613964336166
30323463636339373138643036383038343661666634373661653232363563333238613464633662
66336531373831306563376465313863353332346333303739316361336465376538663637663432
65303637386534633764363262383032323339373533643665383636613365663239346430663937
66643431303164326333373336313531393138326365366338656164376632643530353234326561
39643164396262666464626332306233663738613739643466633430323265663039326664636134
39333165303366386632666266633736643035396137616361636338363765356230323736616638
35616263376362363831306336336262323264646162303734646365323762626264356463343437
61343839336238333634356534653363303335653838633162613663376538643139643034356337
36333662303638353931333138343733363166613735636138373061363831646163633938393666
64316536353531323066613531353063383238336561376266306162363663383033623135623765
32396330383334623264326434636132646565383062393561323138343932363132393534663462
39636232623866353139313363636336663533393138643235313166363332643966303665336536
66633439306434663436316561393863336234343164353735643361333862376235336439633839
35363737386436323466636265373763383036366562666566343839363166613237613663323762
66616531616266616563323734393761313136383238353963383464303330656238663238346438
61653831633165663161363037636666356165323634383231316138333531613638633038643232
65306135636236323663376633663035623736376432323262643331306162373137643232663332
31663130383433653733333662623035613763303166366435656563303936393962663435356139
37313038643731376261626334306366386265373634396165396339346136333763623132646262
35646135353839323964636661623164626664383062303936666266323866373838623166643966
63343239623038316663363736336162623235353139333336396666356638623030646335393462
30363034366233393132646632356335363463633634666330343837386261336238636131376634
38353633313635323330346365386333626134396438623531633731373336306330373837313138
36383063623162346135616537356133326430373232333433393536363839343334643061363635
37326562366636393435636534316635646639306534353735663639636435633265613363306464
36366535326330356232336238653035616531343033636533386363663835343432306334366638
61303739356663373162663033633262643336366135316238353636666137636439643738653637
63366466656435353035353235346566643664356138663133623736653765313866623265636262
35616563633862363236343134366231393864633338366334303261616339613861313339353233
65383730393164346534353035336538313535663430353932356235656133613164626632633931
66373231316638343164316633626437353664643532343739663932373666653963316162386635
32396231333564376132383131613765346562346263646236646265336661646337306665306132
30366438663936636434303233353365653836376135626330643732633631373363343137646234
66616562313037346339336538613038326232383062383738363537396530316139666532636430
31653332366539376466353165633539353134376630636262656634396466356135653030626564
66393039343831306262313361633532333165386663626338333934366262333261393539313165
37346539636265643033346661666531643265663435386239633664623539653034336363663137
66656131313262393630326439333065643865323961326338643166323138393133393937636433
65353463343239663562626130343934613235653733333735623433393362333635663635343631
33616166366236323361663064333433663534333132343335633134376466396164333561636566
34376235306337663336383933636161613163366535316562326639636666313633353830363134
35616565653131326164343639653630356637653462643331336639666466313361333534373566
64613039333739303862326364646633363531653565336333346636333631383031646332653830
62376639386331613463306563363932613833326366363733373731626561386633303033643938
66353935623938353066663234323364656362343262316439653733643561353531333939646166
37326365386638353462393031313064643738653665356662666164346561383764633365643239
34393961363730373736386637373363633136383761333633323332326533653262643366396535
34386666633161626335643630373636306663333332653933396138393634623561323231666338
34336266373431666663643136346330323439633034323063373934343136643565363763613436
37373932626232333633373031616566663831383534333063303532316562353431333330363634
62326561356266313262633832666334643362633934373766306138376364656638363038613633
37303266663838623564333233303936613061653464666336383934303264353830393161616566
63326134646636396639313431643930343938306539636638326537343536376235626661376637
31346566386564333536373261663464316532393661356637383633303162343639363932386334
36646163323431633266383433656632623236323463343465626132323161326363353631303039
65346463626364653738386332306532396431353662626461353935336539663263653336326435
39356462613663643062316536306466353863366236613238353438663738306663396338393230
36613065663664383262343631376461326162373239646530323537366466646230623633323230
30626235313130373233663131386164396234366665303236323839356263323735383666323338
63666434383337303431323034626463653232323434633831303130393432663862333361373631
32633839633239366337623165396337346534316430613763343366326264656138386462626566
62386266633437313730663165663030633230643438383036373733396335613565366363646162
30636264333233623266396361373163383234333630663065363631663963313338646262376538
39323261303564396166323065353465336332616636326336636363303330376361653836376536
63386366306334333966653833653433663062326432356362346234333333383633613131366137
38346138346436393832613338613862383633646161303364306431626665333639636431373932
35363936613437353366373966386233313763316538373134316339313061633835373032633530
34376261643332373032366530623937623362326339333032643130396330333366343361666264
30613536333530623134393564366634383366666163613031636463303335363039353432633639
35643434363866316664396631336261383862343439306265653562343063383162373061343338
65313530353332666637313939633332333761623133383439373462643732613532623062303639
36666339313061636230313464353232336165626266653061313935636461646338386636636266
32623532376363376435383465653435396138373234336665346363666161356435633534653134
38346466633761333235313030333333313464393066663463633363346631623637653233303435
38616137636336376434656163656433643335386464383730663834653538303266393231323438
63636463373066333961613563343962313961663332316232373033636332653238643232313339
66343432386533353235396466306663386166663631626666616536316461353663613434393332
32643831333833653136613564396661663039333835333065373562376130363139343862373561
61303137613433663365306562393032363130383635373664353035643533376630353039666630
35326531323261383363386230633034333562313332303539383234656362636434646537613163
35353163626233316632613230366434663165363036626630306233383663303231333262333138
38356531373132633133386430666239336366656233333761386566393832663239383336623732
61333833653530343832386263353836373134306536386464333734613230353738393166653131
32353831323139616564376364663964363633376434303339363534353562303137376339343237
39633131346335643364383361626330633031313633616232613365663634623836356233383236
65373463336466356539353831396439376661633738396563623433373437666335613866616534
33626132613833396530336565346166316637616233646131333164656635343062643263313831
64346363376531343666663964336665613364623135643139613334333465613734303365346431
63363362666433363333396639373933383235613365386238663965616132343736343432333237
32663734353666643932393465356562376366663636353066353266396163633631653531356266
39383030306537316562653564636238386666613338633661363962643539633539383766363433
33383738363163613433393961343934383064623064373761643234623735623533633737623366
65303334666162663939373565653137376266376562663065626666663163393166643731626537
35363934626462613863313265623137313530343065356636343038393134646461303537363932
65346166613535393661353565373164396265303865376637656136386535343737643531393234
31623838396237316637303639366237353862646365303539316365626635373532613162303931
63346331623031653963626231323361383266363133636636376431373333343662313761363638
39343132623966396364646338356130393665613932326166383165643333343831653830336130
34363966366330396132353730656430313864346433633932623234373837613764623535386439
37613737653961323735633330333063313562303434356165396164303639316434623635393361
34663838653333313136303931353162326566663166616264303761373230376239383762313633
66623337623365656539366230643362633930356134343232663062343438356131373361313537
32643437386662323833343030383239333636653738303935396239333832633139663039373730
34633539633534353538343435303966366462356132393961646463616336366430376261353239
31356361316233376662643236666265383233663964323266633331653566306561373436323461
38343366383237373136366537326562303764373735366531636366633966623431633136396566
39356136663064653937646365313530323434626132383339376131303165623231613330643839
61353764316630613936636636613435343738633562626630313362386436303361383663633437
31336537323032366261376439386138353765616163333061613763323431393361323666656530
62343139316333663166376163323233633336303163346462316337303162393431623062653065
32383734363064323365343861656464323166666663623031383365386339633532363734323238
37363533646531653464383936346635393532303366356531333739383339376537613831313763
37663461353831326135333866346339356331626566613166323462666265373937326164373833
33373566333534306139653732356131356336393765663263363364353738663361333336626530
63653362613935396433343262376565623637333037656531376564666465346165333330306263
38356333626534643030633134623137653761623437616664656633333635636464343537666465
61356434326636636233653732656162646431366236613235393262383666383437613666386339
36343135626363313732616231326633646266313335393435333666353830653065313235376435
36323834323033656639383064333037333833636532623739623330396662373834333430633965
31633765663564313638663864313437663961366664303133303362636434383330613333663066
37633933376262646163383237363965663266383630323631636666303934613563613764623232
39326566643238346264626531663963393639663137666631346335323133363536386434356536
31666131656136613834376439383064313739383336653964663034313039383763366639373336
35363038393330643939393532636463303034653763633938663264383636383236666332613462
33303335653530333737333931323132303561646530646139363330333066303538663863376566
34646165656532663531323237616333343634646333376538393337333036376463346136663166
35653333646632626330313865303536643239323464633363333762663561653137346338626362
32666264303662393632333565326335646138353033346334363436613936343133333538356430
31356238643534376331393838363931383962343664643762393263333161323031623631376230
31386431333930393066623737386330616434336139626331386137666132303934323263666136
30616461616332393633393933656235383534643332393137323332396664373631396466643433
34616638343136333866633463333563333335393564623739333336643338336132656231363861
34613064643232333332643965313737303063353264633461333538303162633131333834653864
31363832396137666632663433383137346263643030663964303532366432353363643536366662
35336436353166626562356238316661316566653335393637333963376236653435646233333865
62323163636162346435303032353631623932343937653737303161376465356461653832616634
38626261303933343837613530613965646363383065343564353565343739343939656533376133
31366361643263333566323138613031663065313933323861633533343238393261633164663562
64356165333239353934663063643831386165626365393533336539623432333363646130313130
39616561333766643332666539306136346462353532356634666131343562646232356461396665
66323165366433346631323835316432616439656564376632353339643566643066373266643165
37646530303330326461323062636131343532353263373332643831633538663866363466383236
63303437376261386466363735616333663531626334303835333633646332653934653265303736
61346562626530616637313230366663646364636561383136343863316633653634613536636633
32383039373739383636323965383162386439353832323839313563343563363034666230343065
66643331333466663539313164376538326162336161613863306366353235623531343165623666
63376132333132316464386232373362376132343361306466666634343230653333326238373664
31643463643164663530646131663163383932353530396630633438333462346133613463303739
30393963626638633135306539623562653561356663623962613965653832376534626364653663
35396331646264316535653465343131653135646433636665323632666331396434343864373930
33353735363436643263366135356562303461613761333533623030316638643631656438333637
63376633373231643865353562666132373766633036303636396465336332346336326631633665
61343330623932383635663937636264373832343637616665353331316665373461383932353136
37633662306130333230633030333565373263666461386436623261333633656564613336636562
66333363646333656465623832373836303434613934653061363032653136303833303638323132
66363264663634386664656238633130353962623635366237353763653661613137666663353033
30336265376664313265653633333835616437613066663338316263623733343366363435383839
61323166643932393364643861633336633165396537393232393739316266343330356638626232
65613866366234323633663030333936386136383566316135373261393637353437656332386634
65316165636131336230626635323136313661343930343330316432356364333766373661303337
35386638373264653262623963383362373164303735373864323162656239643435653539393137
39633631623262316535623463653533646130626461373263613337633165323530323930383161
31356231663766343030363163616162613631643461353539666439336232323433653132303261
61623331393665316261393532313637323464656636303239353031616336306436386531656661
64306637626165633562323635356233353662363436343437623334326332616235613837656565
34313338663134383665326637663965663364653438383666386337646562646637323733376231
61366661363761313864393330616339326531656335366137346631396663393662633135343839
39393862373561666531396265333438306464666461633564326332376132666665303962333836
30383132333266653331663033326238636666316435316262326362363962303263613539306564
65313630363934653561373039663231336133356264633566616435366135386466306539383038
6433313532376465386362363061353365303061383236336132
