$ANSIBLE_VAULT;1.1;AES256
32393733383264633364343565353366303531646535366165636230386233626138353537636532
3936396661626638623364396534666439666236333366380a623262636530383266333434383736
32663633376330343732366564616264333733643534393832663165646538656461616435633831
3965623938393035310a303632376365393065643939623839373230366633346330373730313263
35333635333863376434396162363934373339363832306238376434666237386164356232313433
64366166303032313431373462323234323162323435663439623934346261666363633334386433
36663239373037313263376263633935363335663634666363393137326461623963363361376336
66356261623165306233366262323239376433373166373531616565636535343135646434323566
64383433646162323932303031326237623566333266643666353536656436346634386337376531
31386533633836396636663037646263323865386661653761663534373034353438303163396139
35373334356262663261373230636261663535623336653233633735356531636331353061366662
30393630626364303536383739343238663031303863666534343663633261653239396631306338
37343238663264303433613334306332336530356533653930646635643966643466306634646438
32333963363364313430333737333961653838336234303037656130363038663963373232663239
35396537353937313764353435316631626364666337383938333966623161323862656637623663
39383939333336616661393834613966363832666365386237363764343863623233666635303333
38323463306366346164653362383735363032343761373439656465663834663862626138376662
64613561376534613235343435613361626666383965306664386133336663636337356637646363
35653337636531346334366564363438326464366664376437343864396263643432336635313735
65636361356530623330666433353830313361666434613265626130626662313565336361616436
33343166346130373536613737666238303634326332363465636639316561636563626366333361
35366665323336306562336264613235663364333031663061373138373435396263303230626462
65336630653938646439303564323830643939316132323231653137353965306239343162633135
30366165353262366639623630356132343337653338626236383033376634336363343866303265
62303665616663373037356638316337663638343666346563666163343035646166666665363038
39633034306633303531363839383861306130323566313464363935343730656234393930613432
61303939643134666566326132616361643533376664303864623739366134346534663961313763
64633738323132636234616434363838356336646238376466366537633061366362386266393630
36306534396262376431626438653763643566366431316631626439376339613362653166363863
30363865663632356538306662373262303264316132343737386539343466623138636635396166
61643565343939303636386433306532343465383463316132356136313263653562356537333763
37646261663539336530663062623237356165623039666465643236353032653038383437396630
33336562666231626131363862326339326261623234613538316637323163613063336165646161
32363766303163383032646261396136313331393935346566326536663534393736366431326566
34653239623432326532323763663161376337326338653534336564393734316437323833616466
38336265373166336364346230633533383230346339333931323563633262306132636333393832
34386137643863386266643537356664306533646263303538353064626638613730333538646431
66316262613037333866666466346230333163666431636434646233316263656361666335356664
62616338623934303636393135383438383364663365343637353461363261643964353431376431
65623935303731613935313035336239306166656630646532643061666462343132333438656433
38636130336139353830633534363565386265613066343432353831623236343463316437616239
63306632616633623662326265333862333737323037343034646332396639323633663632356338
623437643732316230373132643632646562
