$ANSIBLE_VAULT;1.1;AES256
37356538363639323032633466393635633366663930393263346564303635343933656135626561
6430313632643639343938356463343934383432666365620a626339653764303038636438616134
39343565346538326237343733393461636332616537656565643439383133653734363630373166
6364396661616234620a643965303133303034323364373834616565366531616638656539303565
33646133643865383339326439646630303037373731643638363536386331323663623463366164
37333764396639326166653161646334383966333633663630373638373234653638613239353732
38396463343539376264653265393233396164623336393461393333613963303361336237353734
34383732326432313534353838636533346230313864313465323264373739363232353237656137
66343264383532623865343462393735316134363961366639623565633065653031633339646635
30313064633633306539626237303538313865313164303135376438613930313063306234616534
39333631386633626665616139303364323161356564386662663233653638303839386166373133
31366635393033653563636532663334373039663833303361343864663037643163353333396531
34626336663435313835343764383336303661383264666530636533376266623534326466336463
32313935623966643830333461636239633461656336346563643631323035653564363462623063
32616132323439313333393064356238656633383132306437633231333432356238616232376264
61353435373866393465646664643033393834366262313666396330303662366233336562353965
35353264396337303462653366633664306562363262633035623039306361313038633734373130
32346434656634626632383336326336393563326533633230396130343937653666306465313135
37343065653261323831376437306636623163373731316337323331373865333565613963366462
38626133386465393162666230346334323563663964313865393731653438613230316564393133
34366465336234383933613836306166393433373632656263303638623735666562373635616231
64316566626631363034333033373537396137663335343238313831633361373137323330326530
37363166376663643262306132633235376330326130313637343639663562336265303335386263
65306465613233313838313864613664313939636539656434303530626238313364346134343431
35303338343431633838303365323238663564633631393863333165636339323639323934633137
39613862393065303161646662303631316536383231333736323966373732636434393436356437
30323366383834613539386364363338366464323533323432643938666661393763373438343638
64393762613162666432346136666361313363663261316437363137643237323264613662316164
33636263366662386365666230666135636131336438396630343266316439663134636430613338
30306330343730363430393339626463303135356638666435336261383338623236663330303838
37333630366634666234333932646138656630656666326235303239646366313831303534373531
65313330313166333039666561376463386364346364653931353465663831653736396665333566
61346139306532316631613365313137376132383032343237623732613961633164323661643364
63386130643564643663306433353438343937306565626634636261353730643131386466343836
65306134616631323562353438626433353663333033326661663138626336653364633734383163
35623565373165623930356338663866366466386235643530656661396238396233373964356565
63626233376537343735366563656236306538363936366332643565386338366162663738396266
39326433396166386535633433646633626135636331613262326663366634666234316538396330
63363537353536653266356464323164356131356363653362643539333333373365306537353266
63373431616664303830323864363335353732333837636366636465323035336635653331616235
64623863393062333662386430333664656362636131666535343335303563646361633739633561
31346539653736626165663535393764313061643461393966623334643136383864383330343330
39646663393363623930383638633632653962333463363762623863626532376264623232353061
30663163356561656366333435333431613164303566306131346630346533616134333039383438
39633564336364333064366634346130643966633335323831316535643034373932623530383965
35383663326332333430346534303761393531623362636661663763393164623734643131616236
38346462333162363134393533316266363363343830623035663236383165653139623130646665
61373635346338646161663462343338613034343364323161363066623435623831643034666335
33396261653265343066623436653230363436373439386533663963316334333665626265623737
63666562343334356632326232376133343065303231303131336138323730616432373332306665
64333238313036356462303232393634346135666135386431356262346230613537383637366237
38303766663565326631396165356331633238313836653639333738373066396334316664356437
32323139373132393939633662656233396537386436663836383463656461643338
