$ANSIBLE_VAULT;1.1;AES256
66383630326132383731653633323965326433616239623934623733343731386537373731623461
3462633064623665333666356237376330303138383433650a383863616630346533383336636633
36646664333736393932623737306366326533656134393130343630616466353431656635396539
3539613164303130330a663239646135306435373831633963333435333530666636373265646665
34653361373532343138313962653937343630333437363331323465333364333039333437316466
31333935613537653463373661616461636335343234323939656337633962386366653934633766
61656235653837653530313539613534613837623837643563376131373035383632343738393333
62383562323839616263313361363762633164393266333331373939626539613066376532666162
33333335346336306439666231323539343632623238646531386163316133633836383363313930
33383365663030333234396265653030393035393261313232326539376239623461393963333736
36326466333862306333336266383931663065363734353163383237626361373737333537643163
31336639626134393534353436616531303634653832616139383663666162303733633536346530
66633037393165366437386633656664656563663566336237316231663238303266666435353836
31623066383331623763333938356335633365633630323631363666636533373364646435646132
35306536336536613461643263363739633265633631313566613238323438363633653931373234
63353565373766303039373665353033663263336339636336363965656230653739623035373464
39616531346336323964623132613762316332323133643436616362653231303839356235303936
62653231653035366664333932333162653237366139313563376166663365376361373135626364
39646666383866333664333838393135393535623866623166613563653130373461353262336266
37326132616462346639303039653438636432376365623130363833653262643030376331373333
35373565363365656533366436313765633835313634393864363136373035626634323339313136
62316334396230393261313635363733646334313566356564653331613332646563353137346231
30323035666239653264306631623036376562613834626537333961666134663736643032636639
39323263666639626636383535333763356463666236386535386263643638373834373533323662
32346237353736666463656431653034623965393031613735336264616632363266633739663765
33363232336564663363303866613665343430353333376531396134366466326630316137613763
66323566623031633262303732383030336336613263376162336662333466636366316531613534
31643766613437666630396231333735366361303436326631626664663931646164343866363332
35633566343963613138366663326539356331303638643637313937626563623566333830376565
30333364373733366136666561666261646661336430393461333430356362376431323737623865
61383039636664633064613235313636343335373961623462323932366133323331396564656536
35363439366138623032643366653331666464363336653664373930623965323264646635633165
32666632653934616337613163303066653266313231346537653837393132343139663362663139
38636366343663613362376266666662353935306261313638366339623064663532613766323666
39623738323836303835643931663764613037646563656132333037333838346566666434376237
34343862353034343237656464363266363365666533363265393463326530383236333761326438
35323737636462643536366536663234653464333439333763306265316530316635363036326330
64393566386561623032303137383733323738373932613837646461383336356634366461666132
34323334326137616130303562633634313363306261363332373232393832303537333963313361
65383936626631653431313336303164643032363833636135343665326166656331373462636164
35323134303263333164373964613434333536323461613339366562366632356434356533326363
31386139343265626630306334393937663430626234663362646238303363393935366664353434
39326530383134653463396164306533306364313066656233316633626461376337653038353663
36316463646432376234663830313834623565366336626462386138343937356232393536356136
35313564343235313262353732663136613136653430343135626266636339343963366461336631
30313730366263373865366664383539373933323431366238353832393737336262663634353661
33323330366262326365356533383631346339383335343339383131313133646161396434346263
34313235313332666161313731383066623161656632643061623766386665653761383661333231
35383537366236343733393864356331393839303961313633356332636239626330616662363965
37323963303136313436323666376131663538313364306361346331393439393135663262346537
30633161363561363235656235333037303534386266303463323737653961313561303765373230
61366665323565333463373336373737626134396366303839383038343966313962623634663338
3664
