$ANSIBLE_VAULT;1.1;AES256
65383163656539613766386534633533623339393236396332303563643763356266633531643833
3130366633633830303732653561383631326263336338640a613366376133343462633238663862
64383034316437376231383535393034653332666462303363646136323033316139326664653538
6561326265646537310a666161643865663731336130373831616135386364336336636465386364
39343566656537333663376266646439303433343162343962333432306465663739303264653930
34353938623031656635313431306462316163333130353631396231633964303863323137613765
36663336623333396565623166663938316264346432643232396261383232643635613330353133
30383365343439623462306561393231643331313135646437396266366466373632363337623035
32646661313066366436623365313737383265326531653335633231333662336533613330376638
38353334613161333462633634353861373762636561346161356137616232336535666162663432
37393265316636313162363361383662643632393937326461393439313638326636643361616466
63663935656136363564306266653136313037303132366632343966386236313038653330303436
64623666633738356134346538626233646164613333653631623139663337356539303037613634
64303033356332376635376437323638633639636130353565616163656231623636363038633236
63343565373736656561656233613537646535343561363039333432386434646263313164383938
37323136656663326438663730623834333134313635376565636234323536663138613534613238
31313639333138336539373136616238316435623263643431366437303533306638333265343736
62383139373664626332356439386464343565316465666637643234656333643461623231383265
62613261643838353132653631623535356564363434636439313536363061353530623363386436
36333966663538316438376630666331373738663933626534353735376539396665396536656364
36373866663135626563613234353830643061353134643934646663626537303862666335343733
34343138316664323662643331393866303639333137363463616461323936643539623137643366
33643239613733643965386433386331383962633431663039363765366439306437353335393662
61323531363231353432653833663335663264646565353835616532666166653337386632363563
39343836353938303137303664626462383132353233343866343861623138346139623830346464
66363363383530663430616432393466366465396236303965323939636561626261333730613161
61666564313230616630303461656639313966303637316463346565663263343935623732616461
32313235376130366665633235663033656662346666653935356231363231663037343064353038
34363061316136373637393764366430346531353164653030613536613436663630326562643162
39333665376162626234656265353831636535626435336664363461633237373464643238343863
31343165666332643030623064373336623133333164323962383831386230386663656635353663
39666161316134656232396133646162386665333434613766323163336238383136383866356630
32363761623139393735656534353233326139656635396534633630623436386363646534346431
63656234306166343163326436343538306365333561346135643464623637636263656231366232
33623835633539396538306264653164646437333139343861353661623165356664646261346566
62376333326336643664363163376461336464656263623232633264346265323937383261313364
31643032663237373665313738613237613063366338643365313065613233343830653134623362
39666537343664306230376563323831356565363235386532383536613462373639386235333264
36646534633862653035343466336564393661333762323665373263303964336662373063386230
34633865653636653730333336376434303830323834633331336538333230653535356431393235
33376531663864623037643866323139363730393931373766393935633766663135663266616435
39613862313937326331613134363466386430653231613263393339306539663139653162643534
38633564643631313333356435353831366134396435643663323561396438346665623965616132
38653866333161636431393738333330396465313430653865623333326662313536653164666361
37313065346430343431383139303862383335386135393736323939363765376665623631326533
62383665643161343865643433303562633835666565666566346364363966613261386139636566
61373862366633656537643166633735366437306336633634376230633734333634313663666536
64633864363635373165363730303530363032343538633161633461326430623361306238633863
33323436323939646135333733303864643862663765636561616231323932353363346135303030
33653562343632323566306566376234363935663162353936613536623132636364343966666536
39316338336331666266323031343561313132306231656565336431643436663836366530313466
32636563386563633437373264616437386433373463366238633362386636663938363465633862
66396562396330663836333436616131663338313265353639323864393563346665373338613732
35313363323935386363666236623437363333326564643938636162643962353138656661306330
65643635316265333762356362333337653661323236353164646338383262326466613137663861
36626163613432613834653134663830663964393661353262303338343432326165616162653065
38636338323763343338393635613765343638373464343333633264313036643730376261356462
64313938353264326661313831396430333336346230313739623531333066623831376665313665
32646165363065346236373865393162313535646464366662383137616136326666336530343766
39653735383130343136383966306561663361343864363363653630633762386438303264663032
65313266363566383636646434303639346366323937386130666339306163326631353332326637
66316330633531313031653163643838363661366432376666623039306366313162363163393566
64396134313762666364633937333065303661616264383436346433393835346531346531633866
36323933316336396339303038366361643162336664343834633537363934666264356434323036
63366237363832623334616132383561356239633265383061343462306230346166386334336435
33316235333538343563326233316163313530363365336535653563323538323539326639663762
39616564333964396532376133653661333430333039666436386463653434633366663163633362
30643132303362386337383739323031626366323032363164613334626137613665393238613364
37396430333961336661373633346231303762356532363963346230633864396637326436613066
64346231313933366466623336323334396230373032313131623736333833613661616532363633
64636137326438666565353132653036333064363361613034633133383737636533353830663431
63393533313463626339636362373030303566663236643463323631326561326236393732633964
35653235313038636461323964333137363261666139376631353637393863643361366638653734
3364396637306430393430623333663838393463666630643061
