$ANSIBLE_VAULT;1.1;AES256
31656536356430393933656234303765313961323338346337363462373832316635333838653232
6636636136643237613965383437626631383730353930360a663539623335646337353735393163
31333332303064666563623534376135646163363130646563386566323932316533323031643132
3235386431396531620a656465613634396533643965366635636334626363393230366636613832
36326337366433373564643065623262666532626631656630343264656361353231376634616165
64643332383333323139623666393963306134313038613039623965386231333637653737316563
65623863336238646266656462393262336333616336326664643262623335333065303136376666
34616265373566623036383561613561613638616662666333633866616537653162376664613335
30623035656237613765356363386631303438343735663062346139366561393265656633313230
36393438663036353234313365653539353963373030353563366333383237326232396333306130
33633066636132616131613834643331613762376433613631656662643032613439393732343930
66393536353937323036303666643232616565346232303932383666663263323738343739346336
64653138373466343039663135663139613361636636653564313630376630306338373832393164
34636335336630336538643761323962313032353936613261393033313536663832333130336234
65323534613666333837383964373734316437653737316262343933636237396337383139636138
35326232343337343162306631626230316531336134616665336536326538303337646330313032
35373730336132653632666537323261323439316230336331356631643866303964323133303161
36303163363234316634396130343330613733393137313466626631326363616261326333653062
61316433353330346562663231363561643432646535326639623766633238643064353138313666
63313663323036313133326464396530646234666262393534373163373962343131326131383138
65616565386366643735346530326631643937633732613637326439363436653231646237623331
30613635663338643861623261363338353365383435353936633131383837633537326163653365
35663636656436663464623737653634393933613539373731646666386333303165633136376564
33343337363363656539613630363230303662643433333265333663646462346535356165643033
34343565346632633339353062393632633935376539323839396335623237383833636439353538
33623233663435386266653634656639613136383265393566316564316132343333386261313164
61353837636637396636663436663261396238303766333961356231666530323334633230666533
31633335623534343665306132663832636262643830666231653833363934653736333836653430
33366365376565326134393437653865373831326536323263633834653137333635613762316635
39636265636366666636346334623762363730366233383262656463306166373338373038353964
30363538373132633366623038613137343033623337343837366533613037343264363866373463
33646566326538653262666261366234656134363532613161346134383837383362663932393335
33353066666436663833346264333235656433663664326563326132653035653032613639646665
64616235633065663536663561346166633631616133356533306462626233626331366636666164
62393631613336376439656365646638303763333732393833616333656431643738623235663636
63386438376132363231656466326138653638376232636337613835653664356464626132313264
35303763383463393731656266373436653964316466613336396330643833356166623339326237
34303134356665636636313935313765616138383730336561303863643733356566616334353166
61323237336333326132323464323537636463356237386231646139303965306530383135623666
64353763393363343235353231313132393166636336316238396530326232623931393137323161
38376434663339323939613236653535666261643936626533616239646265663036643432653565
38396633303035626565383064643134643764303634646132353165336566666232646535303866
66343064333133373235633865643966336632633832333938663938343237333935383035393035
34333936346133613937363464623162663333396365346164313632353363636333633162646138
62616136656632663733633839623164333330333331383166313336653334333662663561666363
62333230643963333866643631636638623837336362346235316631643061326239366563346530
64643632626665353834343663643565333861643966626664663834623533323738643566396462
61306530346138386161363038373833323939343737393438653930313966306636653037656163
32656534323766363631383033626534646664663037373639656237613933623433383463616334
63326536356264333534326531663332343966363636376162363731303939383939346235333739
39636137623733636437323639643735396537666539656165643930333938656539383030363266
64653161663033623339333230643266653965306532643061316532663161343132626338366436
31373639333636393531393164313430613337393332643633353033353339643465653065373465
63393762353665393736336131303431646137386565346132353262616239646366363339336536
34623561313332316635366365393638663961353962363531356236353164636431353339653839
37623337323362363134323961303335306163386464346162323632323138306164633831653238
33613438323439333739356163343436353034623138333364613761316433333764303335623066
63396165643365306236396632616334333162646264353936343864623766376631346432363733
65396333653330306238313832663130393133663063356237303864653636613933316163356131
31356630336634373339646536643036643866643363333763373336623962353231353962393238
37623961653963363634333766653964613738333261636465313538353331373066343262616661
36316537396139653339653932653637666238313664346435336632393838386134373464623434
61666333323332346230396163306635383166666561336538393630666430623363333866623466
33373064343138356466656666356633646236356332663639393230616166646264656663626534
64333038383534613064303165613936663435346431643166383137356331383030326436396239
31303830343633663831306561373339303438313565643736613536383736346434356235306131
61336135366462343066636136313864643332313437316539386263373765386138353039316362
63383431323235383237316666363731313334646263303735373363303836323536303961663536
62656238653365313662346432616166356466306239663665376365376436306635366165336136
66343130636462353336666663653735393966613361353661653461383261663839663236303139
35376136353061346434663432363733303263636630303531623533636538346335393031623961
61613431633639616535373637343434333830663639633666323131613837343633643961363637
35306338653530353833316234663333666537336462626337663761643735333432636161343939
39373066613966656230343336383737633565353438656464336633343063626533386162326533
34643330326464333666323763323136636264653163366264613262666436383661366234383639
33663065323862616134316364306432366635626634613738663766353136303431383965633630
39666433303562346132633963333033653864396439613637373436373066333361646262663264
34326231393862613438616138386264386436316437356165666464336438303331623836353361
32393661333534326135613535653134393038623538396664663366316237303130316434623431
32616665333737353462653233333739643762656133386237653030643935653863396563666162
63366166333734623263373632346232623766656437303966643261646532313432333365333033
62323837383932623532336538376637656163666639626163653533333264653933353563363763
38333565613862626663393038303864666336386239636336353032353132616665643266383937
39386638333966313764383135663433326331636566633366616131613335313236646136376434
33646237633439326261623765343837366664393636626136353836396231623236373765613838
38653839653465343734333330646337336165663932346265316231643765376561393861356539
63303662343938643963353131313533633932353132313738373466653338373737376436306239
65636634636662363333333330386238616330643061663930313531623536343862636261306430
62633835666338396438633133646330393232306239393432323730316564316262353966383864
62643932616231343637393561656536376463353266663937393632323436663538633636653832
35386131316237396439343461353531346339313838306462393366323863343338336637313462
61363932656133353535656363653666313964363961323437323061623834303062366363373736
39633166303866353237643337626566353062336237393436343765643231313132623566336132
36383866336535363538356634616436653235346138633434643336326132393739663361646238
62343064663532396438643336343433353062633430653834376464333431633862653762396134
61303464396336663236346261306464643364613833643837316339623766633336623565643861
36656639323539366163366232333464393637343431333938333662336262336234336238613265
33336566396363353839663761356438623831643730343162313334613162626434313233316438
65643361303631343562666663383334613636653534643165363864646263643536343261383664
30653837626263653534393863633537303635653866643335656162613239666462383766633763
30393065393764356565363233386266363233616434303062376366613761393363336237396638
38623463633362356332383166393763646633383862613639623430613264393631333031373065
30363062356463373464326536643264623631306334356165623037663133353239633632373765
30643361313139343662353835303538343338653533633264626334353337643838393063663437
36353430376635613836333364316535333835666165333139633166333233616161663732663037
31396235303136396666666663343636356139666431613462353965623030616637636161646635
63393237383963316362623434383165363537356630336262343331393032633635623535336161
31653436363230363632343634383538386164303964376538656362643464313037613163313762
32373934666137353438303130363531333431383533613763613766393737613365323832323462
66626635343434386538623034363761346165646234343034636462663761646332646139376262
65303730373238333734656264323437613563343330393266363432383332383764613962306238
34366666363035633735636430363730303465663662366363653633656265313834373264306435
38396632356532643862353666343731353932373036666439656130663338623633396561396263
35376664303164306438666361316136396533383963393939656363363162616336643230383133
31613437653662373533666139383064633935643939623563623834303035366132393866313931
39613065623963343964333130653561306330333431326362343439393033373437633261666265
66343662336464653266646630383661396132313531346136333737613532656534363434323031
39386563343838613631643665653238613535363363383461356134326362323536373239613937
37373762343361313339343363643161353838363635346132373262393035633633333836303434
35333538346539346130383465626536343765323165323761373233333137373835356465643561
30326632633437626438303631616163333661346135323034613066333762623366383664303361
38373139613964306165323039373835636262343236313835343633313633373936366234356334
37333762326335396237343130333735353937633931623530393934633763306439363437316664
64326633383364393064363236656332663636366236623331396663663530616138636166373434
63326531353234643161373762393638333165383931636162616664643161636132393164376163
63616634383939353833613632366533386439356666626231336232363430636435313666303932
34373431353136333035323266643031656461653038366531323132663361356436613736623737
36356538343764323863316361653936643230363734633136646262623764303234623137393739
63333831663632336264353839366534336266346639366163643166643032663034353261303564
39663036346331653061366136323236636365363262666136613038653562363563636333663636
37666365656264346236626637326466633539663130366635333530343865623061396338363065
64376338333463343530333637633736636537646233396534323863343365333634626330383731
37626331336236643130353733343934383366643034666431363833373332393835383134656334
34393763643438323462623764396464613331333133643638663965643863386562643338336635
39393636636430303265363264336231613566373639656266636661643338333838633764323134
31366139346564343639313137376432303239643935666132613832663531663230653233666538
31323438346263656664356134343734333761343833666461343364356663643731313135616235
33326563623432636334613466323666346533643538376333633036653566616235656539396262
38353565306337393362323763313933333932623262383365643836323430366564623533663937
62383864373566316338383937633533393238656365313431626638323736663337386463636439
30383037346336613139353562333937333162333837653331633030353764346635306162313961
34636533646261613065343763666335316537313532666133303462323831323633363831313432
31313035636430356131633136633337383366366437363938313138636262663062396462306664
38643435623833356365636530396465326239633131376631653831393864383331303939396131
31306166346465663566386438373431656264386137363735316264383965623263613737626263
61306239363239626436313465323637616339393934613834313736613532633238356230363063
33343737336265646336363731626635613436383562363230616537616331623630636132666532
63306138366432386232646532633530393939316561656534303036646164316162653334383363
37316234393838353261643730333662613533653330653034393965636466313162303630356639
32343437626162396332353932306232373764323762303665383031313066646361323431373539
34653339626261663064303537646165353634376235323961306334343631653262353665643234
61646539343736323630353732303530353136323166313466373062646566653461613566643432
34626539646330663932323565626166656461323632346132613464376365316239363465663136
30383466303333633635323261383230346330323639646161373362306565623731323132656563
64666330356238663931616535313830343664333663386332353938623436313738323564386561
64343264656133343336333762643036613337646334356539653631326565336462646361383763
30363765316539633737366431633236613833393862306532653130653333383339626238333032
66323034326461323062316165623138636635396133656361646332333861623561653538303437
37636138666466383235383633386338366430333565306134623864373536343234363065356464
32633135336463373534646265636132346638393334396437356564323138383130616162306264
36633538326638393530636466313637653835336464303163326566343630623161633666323934
64316239663236336337666233383239363362353537633932616438396232333161376265653833
30383465613930643864346162646636303263323362636561366337616462393232656537396361
30366463663366396532356361623937653464373436366433393634343535356539306264363765
30346466343338656334656535626563383437343135656430313064653963623733323830373961
31383135353432343233336165623533383864356163373232323437636266613564643261636639
35643064313036316563303631626365333961323836316539353864623039643237316363323531
66393262343730666430613735316263323534386361383134303839636561306539326166363338
62386430643239343861653966303332633138333463303936613839306631643062396336313434
35666436666161623538333738366230373264303532326436306437363865393536656263356161
65383436343065663062363164316537333733303637356636373966376238656632323934646561
33666165656162643036643263633461306265643536343134623465363033353735313638383838
35366435633735383131376430383465663838366432646561363234653738326564363138613739
32626435383733336665366566633166393365656330363461336231663233666436396231343332
39323663313339343233343537666364613661326361623437313438643539333339383265636261
30323532343137656461623133633939336665383930613832313061323265643965316132313239
36636632643564623133373035313665363938333861383539616237383431323132303364356637
33353639643733396532633666393263626231353931303438353630613930623435326437383535
39363930383130373163666633656466363834343133323366386161646231666238316333366232
37383735333239356564383835353632663366303166316431643034663863373439666463396131
61353839643833623761653833633465633966333066643432306261353262303230646639373764
61333836326133356462636134626161306438396338643831303338663536353235366464643266
61366532323563333034616330376265633163626437303363363834353261383661343936666161
32396533386332323264363166613738313766663132306333333738623331656331666663376365
39343334333865386462616439393663323765303034623166303432393239363235616461373632
34656133363739373239356236373761633832356363326336333135336335343462656337663065
61326566616631356534373230303066663061646164336366313530343133663965383837326436
33343038326132383735313136333763663236613930626334616366333139376231343036613464
31303063363263616638646565613661393530666466393239396561316161326363313735383765
62326338353863353134366264313766316337353031393461346265343063336461613465313132
63336534363730323464613333333336393064376564313135376565646630356636383039343335
63656436353465666261666665613665313862303932323139356235393832316336353962656436
32336464373438363530616561663739666235353734333338346336336161353366396232636333
33303538643835363839396566376634353435323031663536333033653435633037346164323764
64386334656633666532323230346236336138373335373534636634633965623539326237653733
35623936613135623664373066616662393135653863313832363765393235636239363136643961
39303232373066646261656537626636366233366636643437393665646664613233326531613263
35336432636136613064363031353935383239323534366264623863636632333231393234633166
39316163343838623632306537323933396134366230376662653736636464323165626335393066
34303135376531333466616363343532393263313263623465313039376230316133393736363733
32313566333236303363306566666138326133363037393633613238326137346436663131373931
33393564623062303064656533623365343231656436336562633736316135363639396532333038
34383137613661393637613565353732306266393538646233633861363935613234396162363630
66393532363435623264613265336435383466666632616134626237623765663538346137373239
32306363336538343363386530363233386438306336333535313762393737653162336161363162
35323136353532393666316663373161636537383833653233373962303631396534626361363233
36323261376566356639393833336165363961636232663939336463633664363765313039383930
31323332653633643139383436613432343430666138646564643737363663623364383263613931
36616236333062323566313134663931346636663666366430303936343066396338333261303162
64663932643832303434303236633635373133626134386130353739343331356336336337336565
33343938356334366133616531653362626635376332623032633437373863313263333639303463
66663761356539643163633930393731386462646239383736393538373936346630323834623337
35356635653866353333333866626262616432303363393061306564623532666264393262623434
65373837303665343633343234383837376436343764343333643666383530396436623865373635
62323433326533373135306266316336326663373262613837306635663933333636336332343465
39643436663762313962363334373164623438343635633364313061663461343834396662393634
37366437643736626635656437333161383031336265323235613735643062646332376438356234
62383638343230346235633430386137323261653861346136396235366564353937393634346161
38623734353331316638356339653561616461643930653730396237316531656566366339316636
37363038353038313537373130636165643561346638336435643532366465663332343937343962
37363631356361356139356531613637393433636363363332313864666266323465313131343266
35613762623038326534636366383661373561373866313035646536353039396335316665383462
65383662636433373437393731646630613232623336646639313062653237393530316363376236
32643865653233623034303063613936336235313638323231353539613666393833633837663236
39303239313530383331316562323236633232626232366262666231663439333038636132323761
64326630663632306464613430333236623938333164393462346233396239626530383765613362
64393432613038643663353234326439336232643963313135303833396139393031373532346163
39353766343935386639313461376364633335613836653565316332656432626138316534663134
31636338366435346235353236383161346237636666363737353863353439383839316363623739
32343834326239613639643239363831356432303838663736353061366638323538336532333030
62636536663930623832623835363761636364306137633666356139323930333662376265303463
64383762613231303435666131396130396135336464656533396130666233346262356230336634
38303636343135326637396462356537653036666634383562363665333930373733393665303531
64343131386331303864333565386663643434643366393130346262373030636665633761666237
65333763393032386537623730623463383434626662366436303533373466306232316164643832
65373963653833623664326239303938356131386332643636316439393565363831656162356431
37303932623431323062653035636237643435356531613735626231633761656133636166653264
62636130633039653731353735393164633266616665373435636634653030323536303163626164
36363535346162323230653466386262323363623162666163353038393162316363623434633534
30613062636433326337666366633861363339656266666332623264623530653131353031336235
35313530346261633230656164663638316131353361333131326437303331383433343361623262
39636432333537376435643739303937316232373166323636393837343730353633636364626237
34316231393733663837653435323931653936663263623361383666646533386335306639366161
30613635363664643865663534346461663464636234396532306236343263393730363238323161
39636462626433383432383938313566646132393139616366376564353564363234363139383764
32336336633164373734656534303165396139623962666531386535386138613934333963663032
32653762363133356630623934333963386538663335353264346539376137313262633530383132
62646337366537613631383534663166383633656334306238346435616430326632373034396530
36333962376365653465396563306232366332613634653965633761353665363165303438313664
32356464646232303933343062653035393162386636333135666539303635323762643634393162
64383230346331366466313438613230383239633338303463326335336236313830626239393837
34376236373839383331666532363438663464353065356131646335323337326261323339643365
66633037393732666637613062346137653966386563303330633238656433663862343735656433
37336432346534636532356161643562623930343233346137643563333064633766396664393166
30303836613038666235656236323736643863356132653762306138653665356332666634316362
65396436626334353538646138656235613931323833306264626138623366316631383364333230
36363561663537653530386232643764363662326537613132373636623233383864316239343564
30363538633731323530653839323030396234613166356633663933663631353464623834643834
30346430386433316164383938383936303938346263333363623730343934373839393330633836
66393862633664306261633936646434666433346535323966663530623163343636393433353137
32633766343630613432663064383262643730613666356232353365623063653362396534656432
61653037313637376135313936316439386161666433303333376631656637323238323335343831
63363835653632363430346362646166303930643434333934636366653437396133653965623464
37356231623661363139336638636561383132653332383335323139303561323938326161336438
34356236653638326664303933356532626134643862633564333833396439363166383630323534
66663566623735623062613266313962326262306431626162633938353463666534616336336435
64333734316163346333393830336433633465393635613631613837316665363539346233346363
35323136613731333965303734363531366636653631623161333864636562653030336561353438
65303165663434393765383139346365356632363762333862366436346462646663626533633862
64643338623739336538663432393863613937343738663939306234386264616133666564613031
63316133306238376266643134393435626136383839636264356262323935353162613963613262
61663661393034613565666362616132356131613735346135366230633162383937666535613031
34303931373531386432653662633236363638656137396563613461376562396532333938636339
32383339376162396436333130306561383866313763383232346438646332646234356330656433
61386361616537313539623236363063353434343364653035366339306635646361396338333161
64386139366261313462633761353730313963373232363363333734306237383465656565643865
33623036336566323236663066386264653463626633363530653436636136636638626430373438
31333537663266663537646162613534663935663465636164646239623536613633393533656165
32373664373066663461376564393231303037663165353339616665613834356365386438386166
62346335653630343638376365376566326361636232386461333239303264616362343239653332
30346238646261373938613265646134323666646666623461616163653339376638386230366466
30353863313431626636313837636566643665643632646566666533616537626230653764623032
37363037386438383262333138663864616135313437386165323165663234633637343437653666
66663962663861323664663165633730383031636163316430666262616236636265333762356632
32353961373638646533653461366437613065353065363162316337386162613865333335343936
63656134623239643862613038303139316232363061356634383861323430663666656665643762
66303031343530316535363963356561366131316437323163323732353338323638346236633637
30646233393839623264383764666635373736656663663734626639393437633533653464326636
31333132323833323838376139653533626132386634373665376361313535643334376134313562
36326431613733666366616433343363393839343937366639643361613038363230633338353566
30336361653033313039333934616238393738326262663965323462643431636563376136373864
31613533303230616464656532333832633962346164313361353632666131393535396565393532
31353862396265663030323634643866656535656362636462326262383063316163303635626464
33626436663466326134616337353738343732633331333565323633393133363539346136626633
37303136373533346133373265646261303639646430353263376636373833353564366538646634
62376337646262303735623832363139383861646134383035356437353733396139383731626131
66363430396463373336356361666530633931366435616366643935306566656335336536383637
34613434653762313835643738663337303466393632333461643936336365343831323265323765
39373766303937346236653535383462393464323632323838396165643466383162636265316131
33306638633134663164666661373839343439376635633262616230376131343566383563656639
64616337353761626438353966303263313866666535346230313132313161316234633234346464
66353139393766633539383637633766626536323539373238623230373435643562346162653363
37303635373839356562646635316563376563393932363132363266643633393039303630373863
64356230636136376566396232323164346664346630613433343137643861646439386264396363
31346335653664363236333733663366316362633435396635326532633764336166336439386532
64643634383233373431313136373234616236653065353361623533346236626431613232313232
63613962363932643132383838633031663065356630353666616334633334333862306531663935
34333339323438636332313334336661393735356166306264613531383338363463373761623464
37633064323838303762363435633732306333663863386135356265643638376165626164646337
3135643565373231636136663838323337626330303930353339
